[
    0.0,
    0.14570789657572145,
    0.43291963661745503,
    0.5408441649192768,
    0.6484723969248025,
    0.706999301187536,
    0.7645199161420941,
    0.7791670160722128,
    0.7889783368269299,
    0.7956450034935965,
    0.8023116701602632,
    0.8089783368269298,
    0.8156450034935965,
    0.8289783368269298,
    0.8356450034935965,
    0.8423116701602631,
    0.8489783368269298,
    0.8556450034935964,
    0.8623116701602631,
    0.8689783368269298,
    0.8756450034935964,
    0.8823116701602631,
    0.8889783368269298,
    0.8956450034935964,
    0.9023116701602631,
    0.9089783368269299,
    0.9156450034935965,
    0.9223116701602632,
    0.9289783368269298,
    0.6463312368970082,
    0.9356450034935965,
    0.9423116701602631,
    0.9489783368269298,
    0.9556450034935965,
    0.9623116701602631,
    0.9689783368269298,
    0.9756450034935965,
    0.9823116701602631,
    0.9889783368269298,
    0.9956450034935965,
    1.002311670160263,
    1.0089783368269298,
    1.0156450034935967,
    1.022311670160263,
    1.0289783368269299,
    1.0356450034935967,
    1.042311670160263,
    1.0489783368269299,
    1.0556450034935965,
    1.0689783368269299,
    1.0756450034935965,
    1.082311670160263,
    1.08897833682693,
    0.2933333333333334,
    0.8063312368970083,
    1.1356450034935963,
    1.1423116701602631,
    0.21333333333333335,
    0.3066666666666667,
    0.22000000000000003,
    1.1623116701602632,
    1.16897833682693,
    1.1756450034935964,
    1.082311670160263,
    1.1823116701602632,
    1.18897833682693,
    1.1956450034935964,
    0.9141774982526102,
    1.2223116701602632,
    1.22897833682693,
    0.21333333333333335,
    0.2733333333333333,
    1.2423116701602632,
    1.2489783368269296,
    0.34666666666666673,
    0.14666666666666667,
    0.22666666666666668,
    0.4733333333333334,
    1.2689783368269296,
    0.19333333333333333,
    0.11333333333333334,
    0.21333333333333335,
    0.39333333333333337,
    0.8956450034935964,
    0.12666666666666668,
    0.24666666666666667,
    0.25333333333333335,
    0.26,
    0.29333333333333333,
    0.14,
    0.2733333333333333,
    0.28,
    0.2866666666666667,
    0.4933333333333334,
    0.15333333333333332,
    1.10897833682693,
    0.3,
    0.30666666666666664,
    0.31333333333333335,
    0.38666666666666666,
    0.9289783368269298,
    0.2666666666666667,
    0.33333333333333337,
    0.34,
    0.34666666666666673,
    0.3533333333333334,
    0.18666666666666668,
    0.26,
    0.2866666666666667,
    0.3666666666666667,
    0.12000000000000001,
    0.2,
    0.26666666666666666,
    0.2733333333333333,
    0.2866666666666667,
    0.39333333333333337,
    0.4066666666666667,
    0.12666666666666668,
    0.21333333333333335,
    0.3333333333333333,
    0.14,
    0.18666666666666668,
    0.8418057302581359,
    0.9069993011875359,
    0.21333333333333335,
    0.22666666666666668,
    0.31333333333333335,
    0.32000000000000006,
    0.3533333333333334,
    0.4533333333333334,
    0.4733333333333334,
    0.6863312368970083,
    0.14666666666666667,
    0.19333333333333333,
    0.21333333333333335,
    0.24000000000000002,
    0.24666666666666667,
    0.25333333333333335,
    0.3533333333333334,
    0.4,
    1.3423116701602629,
    0.9623116701602631,
    0.9689783368269298,
    0.9689783368269298,
    0.15333333333333335,
    0.16,
    0.2066666666666667,
    0.21333333333333335,
    0.23333333333333336,
    0.2466666666666667,
    0.25333333333333335,
    0.28,
    1.3489783368269297,
    0.829937106917875,
    0.6863312368970083,
    0.829937106917875,
    0.16,
    0.9725003494055461,
    1.0356450034935964,
    0.22,
    0.22666666666666668,
    0.23333333333333334,
    0.24000000000000002,
    0.29333333333333333,
    1.3556450034935965,
    0.5427253668761414,
    0.6929979035636749,
    0.5493920335428082,
    1.0089783368269298,
    0.32666666666666666,
    0.33333333333333337,
    0.22666666666666668,
    0.23333333333333336,
    0.2466666666666667,
    0.2666666666666667,
    0.2866666666666667,
    0.3066666666666667,
    0.4466666666666667,
    0.5560587002094748,
    0.20666666666666667,
    0.5560587002094748,
    0.18,
    1.0089783368269298,
    0.3590412299090548,
    0.22,
    0.23333333333333334,
    0.24000000000000002,
    0.24666666666666667,
    0.28,
    0.3266666666666667,
    1.3689783368269297,
    0.4548008385743197,
    0.3405059399021273,
    0.4548008385743197,
    0.2711250873515024,
    0.7263312368970083,
    0.18666666666666668,
    0.9889783368269298,
    1.082311670160263,
    0.22666666666666668,
    0.6595863032841217,
    1.042311670160263,
    1.10897833682693,
    0.25333333333333335,
    0.26,
    0.28,
    0.29333333333333333,
    0.34,
    0.3666666666666667,
    1.375645003493596,
    0.35383927323546066,
    0.7329979035636749,
    0.3538392732354606,
    0.7329979035636749,
    0.35333333333333333,
    0.23333333333333334,
    0.24000000000000002,
    0.26666666666666666,
    0.2733333333333333,
    0.27999999999999997,
    0.30666666666666664,
    0.31333333333333335,
    0.7729196366174551,
    0.35333333333333333,
    0.36,
    0.3019790356393939,
    0.5960587002094748,
    0.22000000000000003,
    0.3019790356393939,
    1.0489783368269299,
    0.5960587002094748,
    0.2066666666666667,
    1.0556450034935965,
    0.23333333333333336,
    0.2466666666666667,
    0.25333333333333335,
    0.2666666666666667,
    0.2733333333333334,
    0.28,
    0.2866666666666667,
    0.32000000000000006,
    0.34,
    0.36000000000000004,
    0.21333333333333335,
    0.2511250873515024,
    0.24445842068483573,
    0.2511250873515024,
    1.062311670160263,
    1.1156450034935963,
    0.909937106917875,
    1.0289783368269299,
    1.062311670160263,
    1.0689783368269299,
    0.22666666666666668,
    1.0289783368269299,
    0.24000000000000002,
    0.25333333333333335,
    0.2866666666666667,
    0.29333333333333333,
    0.33333333333333337,
    0.37333333333333335,
    0.38000000000000006,
    0.2431446540880504,
    0.7396645702303415,
    0.7729979035636749,
    0.9232704402512083,
    0.4405059399021273,
    0.9232704402512083,
    0.3938392732354606,
    0.9232704402512083,
    0.9232704402512083,
    0.929937106917875,
    1.0089783368269298,
    1.0756450034935965,
    0.22666666666666668,
    0.26,
    0.5493137665965883,
    0.2733333333333333,
    0.3,
    0.3066666666666667,
    0.32,
    0.3466666666666667,
    0.35333333333333333,
    0.3866666666666667,
    0.39333333333333337,
    0.24000000000000002,
    0.28445842068483573,
    0.3419790356393939,
    0.23333333333333334,
    0.23333333333333334,
    0.24,
    0.9366037735845417,
    1.0556450034935965,
    0.9366037735845417,
    0.9366037735845417,
    1.0489783368269299,
    0.7796645702303415,
    0.3419790356393939,
    0.7863312368970082,
    0.9366037735845417,
    0.9299371069178749,
    1.0556450034935965,
    0.9845199161420941,
    0.9911865828087608,
    0.23333333333333314,
    0.2733333333333333,
    0.27999999999999997,
    0.2866666666666667,
    0.32,
    1.1356450034935963,
    0.36,
    0.3666666666666667,
    0.4066666666666667,
    0.41333333333333333,
    0.19333333333333336,
    0.24000000000000002,
    0.2911250873515024,
    0.5348008385743197,
    0.24000000000000002,
    0.7929979035636749,
    0.7996645702303415,
    0.23333333333333334,
    0.5348008385743197,
    0.7996645702303415,
    0.6493920335428081,
    0.7929979035636749,
    0.24000000000000002,
    0.2666666666666667,
    0.28,
    0.2933333333333334,
    0.3066666666666667,
    0.3733333333333334,
    0.40666666666666673,
    0.42000000000000004,
    0.42666666666666675,
    0.4333333333333334,
    0.24000000000000002,
    0.548134171907653,
    0.24,
    0.5548008385743197,
    0.6627253668761415,
    0.9432704402512083,
    0.6627253668761415,
    0.28314465408805034,
    0.548134171907653,
    0.548134171907653,
    0.6627253668761415,
    0.24666666666666667,
    0.2733333333333334,
    0.29333333333333333,
    0.3066666666666667,
    1.18897833682693,
    0.34,
    0.3866666666666667,
    0.4266666666666667,
    0.4333333333333334,
    0.24000000000000002,
    0.28,
    0.447172606568794,
    0.24000000000000002,
    0.38864570230606055,
    0.5548008385743197,
    0.22666666666666668,
    0.9823116701602631,
    0.5614675052409863,
    0.27999999999999997,
    0.44717260656879393,
    0.5614675052409863,
    0.447172606568794,
    1.0556450034935965,
    0.5614675052409863,
    0.25333333333333335,
    0.26666666666666666,
    0.3,
    0.31333333333333335,
    0.35333333333333333,
    0.36000000000000004,
    0.4466666666666667,
    0.24000000000000002,
    0.28,
    0.2066666666666667,
    0.33112508735150237,
    0.24,
    0.39531236897272726,
    0.4605059399021273,
    0.3933333333333333,
    0.2733333333333333,
    0.39531236897272726,
    0.4605059399021273,
    0.36445842068483575,
    0.3066666666666667,
    0.3953123689727272,
    0.4019790356393939,
    0.4605059399021273,
    0.21333333333333335,
    1.0356450034935967,
    0.26,
    0.26666666666666666,
    0.2866666666666667,
    0.31333333333333335,
    0.32666666666666666,
    0.3466666666666667,
    0.37333333333333335,
    0.39333333333333337,
    0.24000000000000002,
    0.29333333333333333,
    0.28,
    0.3231446540880504,
    0.34445842068483573,
    0.24000000000000002,
    0.40864570230606057,
    1.1556450034935963,
    1.1623116701602632,
    0.40864570230606057,
    1.0956450034935963,
    0.33333333333333337,
    1.042311670160263,
    0.40864570230606057,
    0.22000000000000003,
    1.102311670160263,
    0.2733333333333334,
    1.1556450034935963,
    1.1623116701602632,
    0.3066666666666667,
    0.32000000000000006,
    0.33333333333333337,
    0.3733333333333334,
    0.5333333333333334,
    0.24000000000000002,
    0.27999999999999997,
    0.32,
    0.3364779874213837,
    0.35779175401816904,
    1.0166037735845417,
    1.1623116701602632,
    1.0232704402512085,
    0.35779175401816904,
    1.0356450034935964,
    0.35779175401816904,
    0.32981132075471703,
    0.3364779874213837,
    0.35779175401816904,
    0.22666666666666668,
    0.2733333333333334,
    0.28,
    1.0166037735845417,
    0.2866666666666667,
    1.1623116701602632,
    1.0232704402512085,
    1.16897833682693,
    0.33333333333333337,
    0.3866666666666667,
    0.44000000000000006,
    0.28,
    0.32,
    0.33333333333333337,
    0.24000000000000002,
    0.8796645702303416,
    1.0232704402512085,
    0.8863312368970082,
    0.3933333333333333,
    0.34981132075471705,
    0.34981132075471705,
    0.28,
    0.3333333333333333,
    0.34981132075471705,
    0.33333333333333337,
    0.3431446540880504,
    0.34981132075471705,
    1.0289783368269299,
    0.23333333333333336,
    1.062311670160263,
    0.2866666666666667,
    1.0232704402512085,
    0.8863312368970082,
    0.31333333333333335,
    1.1823116701602632,
    0.35333333333333333,
    0.4,
    0.4466666666666667,
    0.5133333333333333,
    0.24000000000000002,
    0.2733333333333334,
    0.3333333333333333,
    0.24,
    0.34,
    0.3466666666666667,
    0.7427253668761414,
    0.8863312368970082,
    0.7493920335428081,
    0.3466666666666667,
    1.082311670160263,
    0.2733333333333333,
    0.3466666666666667,
    1.1956450034935964,
    0.28,
    0.33333333333333337,
    0.3333333333333333,
    0.3466666666666667,
    0.26,
    0.7427253668761414,
    0.8863312368970082,
    0.7493920335428081,
    1.1956450034935964,
    0.29333333333333333,
    0.3,
    0.35333333333333333,
    0.3666666666666667,
    0.4066666666666667,
    0.48000000000000004,
    0.26666666666666666,
    0.24000000000000002,
    0.28,
    0.22666666666666668,
    0.24000000000000002,
    0.34,
    0.7493920335428081,
    0.648134171907653,
    0.34,
    0.2866666666666667,
    0.26666666666666666,
    0.34,
    0.3466666666666667,
    1.0566037735845417,
    0.33333333333333337,
    0.33333333333333337,
    0.3466666666666667,
    0.4377917540181691,
    0.6414675052409864,
    0.2866666666666667,
    0.7493920335428081,
    0.648134171907653,
    1.0566037735845417,
    0.3066666666666667,
    0.34,
    0.3733333333333334,
    0.39333333333333337,
    0.24000000000000002,
    0.27999999999999997,
    0.24,
    0.5405059399021274,
    0.648134171907653,
    0.547172606568794,
    0.4,
    0.2733333333333333,
    0.9196645702303414,
    0.3333333333333333,
    0.3333333333333333,
    0.3466666666666667,
    0.8141774982526101,
    0.28,
    0.648134171907653,
    0.547172606568794,
    0.9196645702303416,
    0.31333333333333335,
    0.3666666666666667,
    0.38000000000000006,
    0.24000000000000002,
    0.2733333333333333,
    0.2733333333333334,
    0.33333333333333337,
    0.24000000000000002,
    0.3333333333333333,
    0.3466666666666667,
    0.4886457023060606,
    0.547172606568794,
    0.49531236897272723,
    0.28,
    0.3466666666666667,
    1.0289783368269299,
    1.1223116701602631,
    0.32666666666666666,
    0.34,
    0.7827253668761416,
    0.27999999999999997,
    0.9645199161420941,
    0.3466666666666667,
    0.26,
    0.4886457023060606,
    0.547172606568794,
    0.49531236897272723,
    0.7827253668761416,
    1.1956450034935964,
    0.39333333333333337,
    0.5,
    0.24000000000000002,
    0.28,
    0.23333333333333334,
    0.41333333333333333,
    0.24,
    0.3466666666666667,
    0.43779175401816905,
    0.49531236897272723,
    0.44445842068483576,
    0.6814675052409864,
    0.34,
    0.3333333333333333,
    0.26666666666666666,
    0.43779175401816905,
    0.49531236897272723,
    0.44445842068483576,
    0.6814675052409864,
    0.7893920335428082,
    0.30666666666666664,
    0.3666666666666667,
    0.4066666666666667,
    0.24000000000000002,
    0.28,
    0.909937106917875,
    0.313333333333333,
    0.2866666666666667,
    0.33333333333333337,
    0.33333333333333337,
    0.42981132075471706,
    0.44445842068483576,
    0.4364779874213837,
    0.3466666666666667,
    0.3466666666666667,
    0.32,
    0.5805059399021274,
    0.28,
    0.33333333333333337,
    0.34,
    0.42981132075471706,
    0.44445842068483576,
    0.4511250873515024,
    0.5805059399021273,
    0.34,
    0.36000000000000004,
    0.38000000000000006,
    0.4000000000000001,
    0.6066666666666666,
    0.22666666666666668,
    0.24000000000000002,
    0.2733333333333333,
    0.3,
    0.24,
    0.3333333333333333,
    0.33999999999999997,
    0.3466666666666667,
    0.4266666666666667,
    0.4364779874213837,
    0.43333333333333335,
    0.29333333333333333,
    0.2666666666666666,
    0.3466666666666667,
    0.3466666666666667,
    0.2733333333333333,
    0.32,
    0.5286457023060606,
    0.27999999999999997,
    0.3333333333333333,
    0.3466666666666667,
    0.3333333333333333,
    0.2733333333333334,
    0.4266666666666667,
    0.5286457023060607,
    0.4364779874213837,
    0.43333333333333335,
    0.5286457023060607,
    0.3533333333333334,
    0.37333333333333335,
    0.3866666666666667,
    0.4266666666666667,
    0.34050593990212724,
    0.26666666666666666,
    0.24000000000000002,
    0.2933333333333334,
    0.3,
    0.2866666666666667,
    0.22666666666666668,
    0.24000000000000002,
    0.32666666666666666,
    0.3333333333333333,
    0.3466666666666667,
    0.4266666666666667,
    0.43333333333333335,
    0.43333333333333335,
    0.32,
    0.3466666666666667,
    0.4777917540181691,
    0.27999999999999997,
    0.3333333333333333,
    0.3466666666666667,
    0.48445842068483574,
    0.3066666666666667,
    0.33333333333333337,
    0.3466666666666667,
    0.4266666666666667,
    0.2866666666666667,
    0.43333333333333335,
    0.43333333333333335,
    0.4777917540181691,
    0.39333333333333337,
    0.4,
    0.4066666666666667,
    0.24000000000000002,
    0.28,
    0.3666666666666667,
    0.3333333333333333,
    0.24,
    0.33333333333333337,
    0.4266666666666667,
    0.43333333333333335,
    0.4333333333333334,
    0.3,
    0.46981132075471704,
    0.28,
    0.33333333333333337,
    0.3466666666666667,
    0.4764779874213837,
    0.35333333333333333,
    0.49904122990905475,
    0.3333333333333333,
    0.632919636617455,
    0.3466666666666667,
    0.3333333333333333,
    0.3666666666666667,
    0.4266666666666667,
    0.43333333333333335,
    0.4333333333333334,
    0.46981132075471704,
    1.072500349405546,
    0.36,
    0.6399999999999998,
    0.26666666666666666,
    0.24000000000000002,
    0.28,
    0.23333333333333334,
    0.24000000000000002,
    0.33333333333333337,
    0.3466666666666667,
    0.4266666666666667,
    0.4333333333333334,
    0.43333333333333335,
    0.3466666666666667,
    0.3466666666666667,
    0.3,
    0.32666666666666666,
    0.46666666666666673,
    0.28,
    0.3466666666666667,
    1.1156450034935963,
    0.3466666666666667,
    0.38,
    0.3666666666666667,
    0.4266666666666667,
    0.46666666666666673,
    0.4333333333333334,
    0.43333333333333335,
    0.4666666666666667,
    0.4764779874213837,
    0.4733333333333334,
    1.1756450034935964,
    0.6271726065687941,
    0.4466666666666667,
    0.24000000000000002,
    0.2733333333333333,
    0.27999999999999997,
    0.32,
    0.24,
    0.3333333333333333,
    0.3466666666666667,
    0.4266666666666667,
    0.43333333333333335,
    0.43333333333333335,
    0.32,
    0.4666666666666667,
    0.46666666666666673,
    0.3333333333333333,
    0.3466666666666667,
    0.4266666666666667,
    0.46666666666666673,
    0.43333333333333335,
    0.43333333333333335,
    0.46666666666666673,
    0.4733333333333334,
    0.46666666666666673,
    1.16897833682693,
    0.37333333333333335,
    0.48666666666666675,
    0.23333333333333336,
    0.24000000000000002,
    0.28,
    0.2733333333333333,
    0.28,
    0.40864570230606057,
    0.22666666666666668,
    0.33333333333333337,
    0.3333333333333333,
    0.4266666666666667,
    0.43333333333333335,
    0.43333333333333335,
    0.3466666666666667,
    0.46666666666666673,
    0.27999999999999997,
    0.3333333333333333,
    0.3466666666666667,
    0.46666666666666673,
    0.4733333333333334,
    0.33333333333333337,
    0.3466666666666667,
    0.4266666666666667,
    0.46666666666666673,
    0.43333333333333335,
    0.43333333333333335,
    0.46666666666666673,
    1.2623116701602632,
    0.28,
    0.24000000000000002,
    0.28,
    0.24666666666666667,
    0.548134171907653,
    0.32666666666666666,
    1.1111865828087608,
    0.21999999999999997,
    0.34,
    0.3466666666666667,
    0.3466666666666667,
    0.4266666666666667,
    0.43333333333333335,
    0.4333333333333334,
    0.3466666666666667,
    0.3466666666666667,
    0.32,
    0.28,
    0.4666666666666667,
    0.3333333333333333,
    0.4266666666666667,
    0.4666666666666666,
    0.43333333333333335,
    0.4333333333333334,
    0.4666666666666667,
    0.47333333333333333,
    0.4666666666666667,
    1.1756450034935964,
    1.1823116701602632,
    0.9359804332632548,
    0.24,
    0.2066666666666667,
    0.28,
    1.0489783368269299,
    0.24000000000000002,
    0.32666666666666666,
    0.34,
    0.4266666666666667,
    0.4333333333333334,
    0.43333333333333335,
    0.4,
    0.3466666666666667,
    0.8818057302581358,
    0.31333333333333335,
    0.28,
    0.32,
    0.3466666666666667,
    0.3133333333333333,
    0.4666666666666667,
    0.4733333333333334,
    0.33333333333333337,
    0.22000000000000003,
    0.4266666666666667,
    0.46666666666666673,
    0.4333333333333334,
    0.43333333333333335,
    0.4733333333333334,
    0.3066666666666667,
    1.0269993011875358,
    0.4800000000000001,
    0.24000000000000002,
    0.2733333333333333,
    0.3333333333333333,
    0.24,
    0.38,
    0.4266666666666667,
    0.43333333333333335,
    0.43333333333333335,
    0.33999999999999997,
    0.37333333333333335,
    0.31333333333333335,
    0.27999999999999997,
    0.3333333333333333,
    0.46666666666666673,
    0.4733333333333334,
    0.3,
    0.3333333333333333,
    0.3466666666666667,
    0.8663312368970082,
    0.4266666666666667,
    0.46666666666666673,
    0.43333333333333335,
    0.24666666666666667,
    0.24000000000000002,
    0.32,
    0.33333333333333337,
    0.14666666666666667,
    0.38,
    0.22,
    0.3466666666666667,
    0.9269993011875359,
    0.4266666666666667,
    0.43333333333333335,
    0.32,
    0.3466666666666667,
    0.41333333333333333,
    0.5457078965757215,
    0.3466666666666667,
    0.37333333333333335,
    0.3266666666666667,
    0.46666666666666673,
    0.27999999999999997,
    0.3333333333333333,
    0.31333333333333335,
    0.46666666666666673,
    0.33333333333333337,
    0.3466666666666663,
    0.4266666666666667,
    0.46666666666666673,
    0.43333333333333335,
    0.43333333333333335,
    0.46666666666666673,
    1.0151390635914692,
    0.24000000000000002,
    0.28,
    0.3,
    0.4938392732354606,
    0.32,
    0.24,
    0.3466666666666667,
    0.4266666666666667,
    0.43333333333333335,
    0.4333333333333334,
    0.9151390635914692,
    0.3466666666666667,
    0.38,
    1.2289783368269296,
    0.32666666666666666,
    0.33333333333333337,
    0.3133333333333333,
    0.4666666666666667,
    0.33999999999999997,
    0.34,
    0.4266666666666667,
    0.4666666666666666,
    0.43333333333333335,
    0.4333333333333334,
    0.4666666666666667,
    0.24000000000000002,
    0.34,
    0.32,
    0.33333333333333337,
    0.24000000000000002,
    0.3466666666666667,
    0.4266666666666667,
    0.4333333333333334,
    0.43333333333333335,
    0.3466666666666667,
    0.3466666666666667,
    0.3266666666666667,
    0.3466666666666667,
    0.28,
    0.33333333333333337,
    0.32,
    0.4666666666666667,
    0.47333333333333333,
    1.0166037735845417,
    0.4266666666666667,
    0.4266666666666667,
    0.4333333333333334,
    0.43333333333333335,
    0.4666666666666667,
    0.4733333333333334,
    0.5333333333333334,
    0.23333333333333336,
    0.575980433263255,
    0.32666666666666666,
    0.45333333333333337,
    0.41333333333333333,
    1.1623116701602632,
    0.32,
    0.3333333333333333,
    0.24,
    0.32666666666666666,
    0.3333333333333333,
    0.4266666666666667,
    0.43333333333333335,
    0.43333333333333335,
    1.0391670160722128,
    0.45333333333333337,
    1.1956450034935964,
    0.3466666666666667,
    0.3466666666666667,
    0.4266666666666667,
    0.2733333333333333,
    0.3466666666666667,
    0.4666666666666667,
    0.27999999999999997,
    0.3333333333333333,
    0.46666666666666673,
    0.4733333333333334,
    0.3866666666666667,
    0.37333333333333335,
    0.38666666666666666,
    0.4266666666666667,
    0.43333333333333335,
    0.43333333333333335,
    0.46666666666666673,
    0.4733333333333334,
    0.4533333333333334,
    0.26666666666666666,
    0.23333333333333336,
    0.28,
    0.5000000000000001,
    0.24000000000000002,
    0.34,
    0.4266666666666667,
    0.43333333333333335,
    0.43333333333333335,
    0.3466666666666667,
    1.2956450034935965,
    0.26666666666666666,
    0.3466666666666667,
    0.4133333333333334,
    0.32,
    0.3466666666666667,
    0.46666666666666673,
    0.3333333333333333,
    0.3466666666666667,
    0.46666666666666673,
    0.33333333333333337,
    0.3466666666666667,
    0.4266666666666667,
    0.43333333333333335,
    0.43333333333333335,
    0.46666666666666673,
    0.4733333333333334,
    0.24000000000000002,
    1.0689783368269299,
    0.42000000000000004,
    0.33333333333333337,
    0.32666666666666666,
    0.3333333333333333,
    0.24,
    0.33333333333333337,
    0.34,
    0.3466666666666667,
    0.4266666666666667,
    0.43333333333333335,
    0.4333333333333334,
    0.48000000000000004,
    0.3466666666666667,
    0.3990412299090548,
    0.2733333333333333,
    0.4666666666666667,
    0.28,
    0.4666666666666667,
    0.3333333333333333,
    0.3466666666666667,
    1.1423116701602631,
    0.2733333333333333,
    0.42,
    0.4266666666666667,
    0.43333333333333335,
    0.4333333333333334,
    0.4666666666666667,
    1.0289783368269299,
    0.25333333333333335,
    0.24000000000000002,
    0.26,
    1.2023116701602632,
    0.28,
    0.32,
    0.33333333333333337,
    0.46,
    0.24000000000000002,
    0.32666666666666666,
    0.3466666666666667,
    0.4266666666666667,
    0.4333333333333334,
    0.43333333333333335,
    0.3466666666666667,
    0.2733333333333333,
    0.3533333333333334,
    0.34,
    0.46666666666666673,
    0.33333333333333337,
    0.3466666666666667,
    0.4333333333333334,
    0.43333333333333335,
    0.4666666666666667,
    0.4266666666666667,
    0.2733333333333334,
    0.24000000000000002,
    0.32,
    0.24,
    0.3333333333333333,
    0.4266666666666667,
    0.43333333333333335,
    0.43333333333333335,
    0.38,
    0.3466666666666667,
    0.4666666666666667,
    0.3333333333333333,
    0.3333333333333333,
    0.3466666666666667,
    0.33112508735150237,
    0.46,
    0.43333333333333335,
    0.43333333333333335,
    0.46666666666666673,
    0.6133333333333332,
    0.22666666666666668,
    0.24000000000000002,
    0.28,
    0.9141774982526102,
    0.33333333333333337,
    0.24000000000000002,
    0.3333333333333333,
    0.3466666666666667,
    0.4266666666666667,
    0.43333333333333335,
    0.43333333333333335,
    0.3466666666666667,
    1.0756450034935965,
    0.46666666666666673,
    0.34,
    0.3466666666666667,
    0.5066666666666667,
    0.4266666666666667,
    0.43333333333333335,
    0.43333333333333335,
    0.46666666666666673,
    0.2733333333333333,
    0.24000000000000002,
    0.3666666666666667,
    1.08897833682693,
    0.3466666666666667,
    0.32,
    0.24,
    0.33333333333333337,
    0.43333333333333335,
    0.4333333333333334,
    1.2023116701602632,
    0.3466666666666667,
    0.8027253668761414,
    0.2733333333333333,
    0.3466666666666667,
    0.4666666666666667,
    0.28,
    0.33333333333333337,
    0.2866666666666667,
    0.4266666666666667,
    0.4666666666666666,
    0.43333333333333335,
    0.4333333333333334,
    0.44000000000000006,
    0.4666666666666667,
    0.22666666666666668,
    0.2733333333333334,
    0.28,
    1.2823116701602633,
    0.9936659678542026,
    0.24000000000000002,
    0.33333333333333337,
    0.4266666666666667,
    0.4333333333333334,
    0.43333333333333335,
    0.3466666666666667,
    0.3466666666666667,
    0.2733333333333334,
    0.2733333333333333,
    0.32,
    0.46666666666666673,
    0.33333333333333337,
    0.33333333333333337,
    0.3466666666666667,
    0.4266666666666667,
    0.4333333333333334,
    0.43333333333333335,
    0.4666666666666667,
    0.4866666666666667,
    0.4466666666666667,
    0.4533333333333334,
    0.6666666666666665,
    1.042311670160263,
    0.36000000000000004,
    0.24000000000000002,
    0.24,
    0.3333333333333333,
    0.34,
    0.33999999999999997,
    0.3466666666666667,
    0.32666666666666666,
    0.4266666666666667,
    0.43333333333333335,
    0.43333333333333335,
    0.34,
    0.3466666666666667,
    0.4066666666666667,
    1.1223116701602631,
    1.18897833682693,
    0.32,
    0.4666666666666667,
    0.3466666666666667,
    0.3333333333333333,
    0.3466666666666667,
    1.0689783368269299,
    0.37333333333333335,
    0.4266666666666667,
    0.46666666666666673,
    0.43333333333333335,
    0.43333333333333335,
    0.46666666666666673,
    0.22666666666666668,
    0.26666666666666666,
    1.0111865828087607,
    0.24000000000000002,
    0.22666666666666668,
    0.24000000000000002,
    0.3333333333333333,
    0.3466666666666663,
    0.4266666666666667,
    0.43333333333333335,
    0.43333333333333335,
    0.34,
    1.032500349405546,
    0.3266666666666667,
    0.46666666666666673,
    0.27999999999999997,
    0.3333333333333333,
    0.3466666666666667,
    0.33333333333333337,
    0.34,
    0.3466666666666667,
    0.4364779874213837,
    0.4266666666666667,
    0.43333333333333335,
    0.43333333333333335,
    0.46666666666666673,
    0.2666666666666667,
    0.24000000000000002,
    0.668134171907653,
    0.5133333333333333,
    0.23333333333333334,
    0.3333333333333333,
    0.33333333333333337,
    0.4266666666666667,
    0.43333333333333335,
    0.4333333333333334,
    0.3466666666666667,
    0.31999999999999995,
    0.4666666666666667,
    0.3466666666666667,
    0.34,
    0.3466666666666667,
    0.3333333333333333,
    1.2356450034935964,
    0.4266666666666667,
    0.43333333333333335,
    0.4666666666666667,
    0.4733333333333334,
    0.589811320754717,
    1.0489783368269299,
    0.2466666666666667,
    0.24000000000000002,
    1.22897833682693,
    1.10897833682693,
    1.0689783368269299,
    0.8341774982526101,
    0.39333333333333337,
    0.4466666666666667,
    0.7729979035636749,
    0.9632704402512083,
    0.23333333333333334,
    0.24000000000000002,
    0.33333333333333337,
    0.3466666666666667,
    0.4266666666666667,
    0.4333333333333334,
    0.43333333333333335,
    0.3666666666666667,
    0.3466666666666667,
    0.3466666666666667,
    0.46666666666666673,
    1.1823116701602632,
    0.4266666666666667,
    0.46666666666666673,
    0.4333333333333334,
    0.43333333333333335,
    0.4666666666666667,
    0.47333333333333333,
    0.24000000000000002,
    0.2733333333333333,
    0.3,
    0.4600000000000001,
    1.022311670160263,
    0.22666666666666668,
    0.3333333333333333,
    1.1756450034935964,
    0.24,
    0.3333333333333333,
    0.3466666666666667,
    0.4266666666666667,
    0.43333333333333335,
    0.3466666666666667,
    0.44000000000000006,
    0.3466666666666667,
    0.32,
    0.4666666666666667,
    0.27999999999999997,
    0.3466666666666667,
    0.46666666666666673,
    0.3333333333333333,
    0.4266666666666667,
    0.46666666666666673,
    1.12897833682693,
    0.43333333333333335,
    0.43333333333333335,
    0.46666666666666673,
    0.48000000000000004,
    0.27999999999999997,
    0.24000000000000002,
    0.28,
    0.30666666666666664,
    0.4466666666666667,
    1.18897833682693,
    0.33333333333333337,
    0.24000000000000002,
    0.3333333333333333,
    0.3466666666666667,
    0.4266666666666667,
    0.43333333333333335,
    0.43333333333333335,
    0.25333333333333335,
    0.2866666666666667,
    0.3466666666666667,
    0.32,
    0.31333333333333335,
    0.46666666666666673,
    0.27999999999999997,
    0.3333333333333333,
    0.3466666666666667,
    0.46666666666666673,
    0.33333333333333337,
    0.3466666666666667,
    0.42000000000000004,
    1.20897833682693,
    0.4266666666666667,
    0.46666666666666673,
    0.43333333333333335,
    0.43333333333333335,
    0.46666666666666673,
    0.4866666666666667,
    0.9018057302581358,
    1.0356450034935967,
    0.24000000000000002,
    0.28,
    1.2756450034935964,
    0.40666666666666673,
    0.3666666666666667,
    1.0484723969248027,
    0.24,
    0.34,
    0.3466666666666667,
    0.4266666666666667,
    0.43333333333333335,
    0.4333333333333334,
    1.1423116701602631,
    0.3466666666666667,
    0.32,
    0.8541774982526101,
    0.4666666666666667,
    0.28,
    0.52,
    0.47333333333333333,
    0.3333333333333333,
    0.3466666666666667,
    0.6226470999299216,
    1.16897833682693,
    0.4266666666666667,
    0.4666666666666666,
    0.43333333333333335,
    0.4333333333333334,
    0.4666666666666667,
    0.47333333333333333,
    0.48000000000000004,
    0.24000000000000002,
    0.28,
    0.29779175401816904,
    0.32666666666666666,
    0.48981132075471706,
    0.35333333333333333,
    0.24000000000000002,
    0.3266666666666667,
    0.33333333333333337,
    0.34,
    0.4266666666666667,
    0.4333333333333334,
    0.43333333333333335,
    0.3533333333333334,
    0.49333333333333335,
    0.27999999999999997,
    0.32,
    0.46666666666666673,
    0.3466666666666667,
    0.4733333333333334,
    0.33333333333333337,
    0.3466666666666667,
    0.42000000000000004,
    0.4266666666666667,
    0.46666666666666673,
    0.4333333333333334,
    0.43333333333333335,
    1.22897833682693,
    0.24000000000000002,
    0.2733333333333333,
    1.1756450034935964,
    0.28,
    1.12897833682693,
    0.32,
    0.3333333333333333,
    1.2223116701602632,
    0.3333333333333333,
    0.4266666666666667,
    0.43333333333333335,
    0.43333333333333335,
    0.33999999999999997,
    0.6471726065687939,
    0.2733333333333333,
    0.3466666666666667,
    0.3333333333333333,
    0.4666666666666667,
    0.27999999999999997,
    0.3466666666666667,
    0.3266666666666667,
    0.46666666666666673,
    0.3466666666666667,
    0.42000000000000004,
    0.4266666666666667,
    0.4266666666666667,
    0.46666666666666673,
    0.43333333333333335,
    0.43333333333333335,
    0.4733333333333334,
    0.26666666666666666,
    0.22666666666666668,
    0.24000000000000002,
    0.28,
    0.3333333333333333,
    0.32,
    0.33333333333333337,
    0.3333333333333333,
    0.3466666666666667,
    0.4266666666666667,
    0.43333333333333335,
    0.43333333333333335,
    0.32666666666666666,
    0.41333333333333333,
    0.3466666666666667,
    0.26666666666666666,
    0.3466666666666667,
    0.27999999999999997,
    0.3466666666666667,
    0.46666666666666673,
    0.4733333333333334,
    0.4266666666666667,
    0.46666666666666673,
    0.43333333333333335,
    0.43333333333333335,
    0.46666666666666673,
    0.4733333333333334,
    0.2666666666666667,
    0.24000000000000002,
    0.28,
    0.31333333333333335,
    0.24,
    0.33333333333333337,
    0.3466666666666667,
    0.4266666666666667,
    0.43333333333333335,
    0.4333333333333334,
    0.3466666666666667,
    0.32,
    0.3466666666666667,
    0.4666666666666667,
    0.33999999999999997,
    0.3466666666666667,
    1.2423116701602632,
    0.4266666666666667,
    0.4666666666666666,
    0.43333333333333335,
    0.4333333333333334,
    0.44000000000000006,
    0.47333333333333333,
    0.48,
    0.5333333333333333,
    1.1884723969248026,
    0.26666666666666666,
    0.22666666666666668,
    0.24000000000000002,
    0.28,
    0.32981132075471703,
    0.44,
    0.33333333333333337,
    0.24000000000000002,
    0.3266666666666667,
    0.4266666666666667,
    0.4333333333333334,
    0.43333333333333335,
    0.3466666666666667,
    0.3466666666666667,
    0.26666666666666666,
    0.3466666666666667,
    0.28,
    0.33333333333333337,
    0.3466666666666667,
    0.4666666666666667,
    0.47333333333333333,
    0.4266666666666667,
    0.43333333333333335,
    0.4733333333333334,
    0.8675108315859436,
    0.5533333333333333,
    0.22666666666666668,
    0.27999999999999997,
    1.2223116701602632,
    0.32,
    0.3333333333333333,
    0.24,
    0.34,
    0.3466666666666667,
    0.4266666666666667,
    0.43333333333333335,
    0.3466666666666667,
    1.1156450034935963,
    0.58,
    0.3466666666666667,
    0.27999999999999997,
    0.3333333333333333,
    0.46666666666666673,
    0.3333333333333333,
    0.6086457023060605,
    0.3466666666666667,
    1.3089783368269297,
    0.43333333333333335,
    0.4266666666666667,
    0.43333333333333335,
    0.43333333333333335,
    0.46666666666666673,
    0.4733333333333334,
    1.2623116701602632,
    1.2156450034935964,
    0.28,
    0.5990412299090548,
    0.32,
    0.24000000000000002,
    0.4266666666666667,
    0.43333333333333335,
    0.43333333333333335,
    1.2289783368269296,
    1.1223116701602631,
    0.44000000000000006,
    0.33999999999999997,
    0.4466666666666667,
    0.46666666666666673,
    0.3333333333333333,
    0.3466666666666667,
    0.46666666666666673,
    0.33333333333333337,
    0.3466666666666667,
    0.31333333333333335,
    1.1223116701602631,
    0.4266666666666667,
    0.46666666666666673,
    0.43333333333333335,
    0.43333333333333335,
    0.46666666666666673,
    1.0536659678542026,
    0.006666666666666667,
    0.8203326345208692,
    0.5995863032841217,
    0.26666666666666666,
    0.25333333333333335,
    0.9689783368269298,
    0.9689783368269298,
    0.9956450034935965,
    1.0089783368269298,
    1.002311670160263,
    1.0156450034935967,
    1.0489783368269299,
    1.062311670160263,
    1.062311670160263,
    1.0756450034935965,
    1.0756450034935965,
    1.0756450034935965,
    1.0756450034935965,
    1.0689783368269299,
    0.19333333333333333,
    1.1556450034935963,
    1.1623116701602632,
    1.1556450034935963,
    1.1623116701602632,
    1.1623116701602632,
    1.1623116701602632,
    1.1956450034935964,
    1.1956450034935964,
    1.2023116701602632,
    0.35333333333333333,
    0.5333333333333333,
    0.2866666666666667,
    0.013333333333333334,
    0.9689783368269298,
    0.9689783368269298,
    0.9956450034935965,
    0.2466666666666667,
    1.0089783368269298,
    1.0489783368269299,
    1.062311670160263,
    1.062311670160263,
    1.062311670160263,
    1.0689783368269299,
    1.0756450034935965,
    1.0756450034935965,
    1.0756450034935965,
    1.0756450034935965,
    0.2333333333333333,
    1.1556450034935963,
    1.1556450034935963,
    1.1623116701602632,
    1.1623116701602632,
    1.1623116701602632,
    1.1956450034935964,
    1.1956450034935964,
    1.2023116701602632,
    0.36,
    0.02,
    0.23333333333333334,
    0.9556450034935965,
    0.9689783368269298,
    1.0089783368269298,
    0.5626470999299216,
    0.22000000000000003,
    1.08897833682693,
    1.0489783368269299,
    0.16666666666666666,
    1.062311670160263,
    1.062311670160263,
    1.0756450034935965,
    1.0756450034935965,
    1.0756450034935965,
    1.0756450034935965,
    1.1556450034935963,
    1.1623116701602632,
    1.1556450034935963,
    1.1623116701602632,
    1.1623116701602632,
    1.16897833682693,
    1.1623116701602632,
    1.1956450034935964,
    1.1956450034935964,
    1.2023116701602632,
    0.39333333333333337,
    1.0978532494754274,
    1.119167016072213,
    1.1156450034935963,
    0.29333333333333333,
    0.02666666666666667,
    0.9689783368269298,
    0.9689783368269298,
    0.4066666666666667,
    0.26,
    1.0089783368269298,
    1.042311670160263,
    1.0489783368269299,
    1.062311670160263,
    1.062311670160263,
    1.062311670160263,
    1.0756450034935965,
    1.0756450034935965,
    1.0756450034935965,
    1.0756450034935965,
    1.0756450034935965,
    1.0756450034935965,
    0.2733333333333333,
    1.1556450034935963,
    1.1623116701602632,
    1.1556450034935963,
    1.1623116701602632,
    1.1623116701602632,
    1.1623116701602632,
    1.1956450034935964,
    1.1956450034935964,
    1.2023116701602632,
    1.1956450034935964,
    1.1956450034935964,
    0.4133333333333334,
    1.1823116701602632,
    1.082311670160263,
    0.9525003494055461,
    0.9689783368269298,
    0.9689783368269299,
    1.002311670160263,
    0.9925003494055461,
    1.0089783368269298,
    1.0089783368269298,
    1.0489783368269299,
    0.5614675052409863,
    1.0556450034935965,
    1.062311670160263,
    1.062311670160263,
    1.0556450034935965,
    1.0756450034935965,
    1.0756450034935965,
    1.0756450034935965,
    1.0756450034935965,
    1.1556450034935963,
    1.1623116701602632,
    1.1556450034935963,
    1.1623116701602632,
    0.35333333333333333,
    1.1623116701602632,
    1.1623116701602632,
    0.7027253668761415,
    0.17333333333333334,
    1.1956450034935964,
    1.1956450034935964,
    1.1956450034935964,
    1.1956450034935964,
    0.3933333333333333,
    0.7195863032841217,
    0.44,
    0.6893137665965883,
    0.34,
    0.04,
    0.2666666666666667,
    0.9689783368269298,
    0.9658336827388795,
    0.9845199161420941,
    1.0058336827388796,
    1.0956450034935963,
    1.062311670160263,
    1.062311670160263,
    1.0689783368269299,
    0.22666666666666668,
    1.0756450034935965,
    1.0756450034935965,
    1.0756450034935965,
    1.0689783368269299,
    0.3666666666666667,
    0.30000000000000004,
    0.9699371069178749,
    1.0299371069178749,
    1.1556450034935963,
    1.1623116701602632,
    1.1556450034935963,
    1.1623116701602632,
    1.1623116701602632,
    1.1623116701602632,
    1.16897833682693,
    1.1956450034935964,
    1.2023116701602632,
    0.3866666666666667,
    0.48000000000000004,
    0.04666666666666667,
    0.8489783368269298,
    0.9623116701602631,
    0.9578532494754274,
    1.0089783368269298,
    0.9911865828087608,
    1.0556450034935965,
    1.0489783368269299,
    1.062311670160263,
    1.062311670160263,
    1.0689783368269299,
    1.062311670160263,
    1.0689783368269299,
    1.0756450034935965,
    1.0689783368269299,
    1.0756450034935965,
    1.0756450034935965,
    0.6827253668761415,
    1.12897833682693,
    1.1556450034935963,
    1.1623116701602632,
    0.44445842068483576,
    1.1556450034935963,
    1.1623116701602632,
    1.1623116701602632,
    0.24666666666666667,
    1.1623116701602632,
    1.1956450034935964,
    1.1956450034935964,
    1.1956450034935964,
    1.2023116701602632,
    0.3133333333333333,
    0.44666666666666666,
    0.05333333333333334,
    0.8418057302581359,
    0.9069993011875359,
    0.9956450034935965,
    0.9403326345208692,
    0.9845199161420941,
    1.0489783368269299,
    1.062311670160263,
    1.0689783368269299,
    1.0756450034935965,
    1.0756450034935965,
    1.0756450034935965,
    1.0756450034935965,
    1.1556450034935963,
    1.1623116701602632,
    1.1556450034935963,
    1.1623116701602632,
    1.1623116701602632,
    1.1623116701602632,
    0.37333333333333335,
    0.5605059399021273,
    0.33333333333333337,
    1.1956450034935964,
    1.1956450034935964,
    1.1956450034935964,
    1.2023116701602632,
    1.2423116701602632,
    0.060000000000000005,
    0.16666666666666669,
    0.26,
    0.9689783368269298,
    0.8884723969248025,
    0.8951390635914692,
    1.0489783368269299,
    1.062311670160263,
    1.062311670160263,
    1.0689783368269299,
    1.062311670160263,
    1.062311670160263,
    1.1556450034935963,
    0.9499371069178749,
    1.0756450034935965,
    1.0756450034935965,
    1.0756450034935965,
    1.1556450034935963,
    1.1623116701602632,
    1.1556450034935963,
    1.1623116701602632,
    1.1623116701602632,
    0.32666666666666666,
    1.16897833682693,
    1.1623116701602632,
    1.1956450034935964,
    1.1956450034935964,
    1.1956450034935964,
    0.4333333333333334,
    0.06666666666666667,
    0.9689783368269298,
    0.7475108315859434,
    0.7541774982526102,
    0.9956450034935965,
    1.0089783368269298,
    0.4,
    1.062311670160263,
    1.062311670160263,
    1.0689783368269299,
    1.062311670160263,
    1.062311670160263,
    1.0156450034935967,
    1.0689783368269299,
    1.0756450034935965,
    1.0756450034935965,
    1.0756450034935965,
    1.0756450034935963,
    1.139167016072213,
    0.33333333333333337,
    0.44000000000000006,
    1.1623116701602632,
    1.1556450034935963,
    1.1623116701602632,
    1.1556450034935963,
    1.1623116701602632,
    1.1623116701602632,
    1.1623116701602632,
    1.1956450034935964,
    1.1956450034935964,
    1.2023116701602632,
    1.1956450034935964,
    1.2023116701602632,
    0.3066666666666667,
    1.1956450034935964,
    0.07333333333333333,
    0.9556450034935965,
    0.9689783368269298,
    0.652919636617455,
    1.0089783368269298,
    0.672919636617455,
    1.0489783368269299,
    1.062311670160263,
    1.062311670160263,
    1.0556450034935965,
    1.062311670160263,
    1.0689783368269299,
    1.0756450034935965,
    1.0756450034935965,
    1.0756450034935965,
    1.0756450034935965,
    1.0956450034935963,
    0.29333333333333333,
    1.102311670160263,
    0.4938392732354606,
    1.1556450034935963,
    1.1623116701602632,
    0.2666666666666667,
    1.1556450034935963,
    1.1623116701602632,
    0.33999999999999997,
    1.1623116701602632,
    0.5605059399021274,
    1.2023116701602632,
    1.1956450034935964,
    1.1956450034935964,
    1.2023116701602632,
    0.8541774982526101,
    0.4266666666666667,
    0.4266666666666667,
    0.08,
    1.1356450034935963,
    0.9991670160722127,
    0.9689783368269298,
    0.5093137665965883,
    0.4057078965757215,
    0.555980433263255,
    0.28,
    0.575980433263255,
    1.062311670160263,
    1.062311670160263,
    1.062311670160263,
    1.0756450034935965,
    1.0756450034935965,
    1.0756450034935965,
    0.6960587002094747,
    1.0869993011875358,
    1.08897833682693,
    1.1556450034935963,
    1.1623116701602632,
    1.1556450034935963,
    1.1623116701602632,
    1.1623116701602632,
    1.1956450034935964,
    1.1956450034935964,
    1.1956450034935964,
    1.2089783368269296,
    0.08666666666666667,
    0.3066666666666667,
    1.1623116701602632,
    0.3,
    0.22666666666666668,
    0.2866666666666667,
    0.9689783368269299,
    0.3790412299090548,
    0.32,
    0.9956450034935965,
    1.0089783368269298,
    1.0556450034935967,
    1.062311670160263,
    1.062311670160263,
    1.062311670160263,
    1.0591670160722129,
    1.0756450034935965,
    1.0756450034935965,
    1.0756450034935963,
    1.0756450034935965,
    0.3133333333333333,
    0.3666666666666667,
    1.1556450034935963,
    1.1623116701602632,
    1.1556450034935963,
    1.1623116701602632,
    1.12897833682693,
    1.1623116701602632,
    1.1623116701602632,
    1.1956450034935964,
    1.1956450034935964,
    1.1956450034935964,
    0.4631446540880504,
    0.44,
    0.8475108315859434,
    0.09333333333333334,
    1.10897833682693,
    0.5426470999299216,
    0.9511865828087608,
    0.9658336827388795,
    0.24000000000000002,
    1.0289783368269299,
    1.002311670160263,
    0.28,
    0.4266666666666667,
    1.0591670160722129,
    1.0511865828087608,
    0.32,
    1.0756450034935965,
    1.0756450034935965,
    1.072500349405546,
    1.1556450034935963,
    1.1623116701602632,
    1.1525003494055461,
    1.159167016072213,
    1.1623116701602632,
    0.4619790356393939,
    1.159167016072213,
    1.1956450034935964,
    1.1956450034935964,
    1.1956450034935964,
    0.48666666666666675,
    0.4066666666666666,
    0.1,
    0.9289783368269298,
    0.9578532494754274,
    1.0956450034935963,
    1.0489783368269299,
    1.0684723969248027,
    1.0511865828087608,
    1.0003326345208694,
    1.0756450034935965,
    1.0756450034935965,
    1.0756450034935965,
    1.0756450034935965,
    1.064519916142094,
    1.1556450034935963,
    1.1623116701602632,
    1.144519916142094,
    1.1511865828087608,
    1.1623116701602632,
    1.1511865828087608,
    1.1956450034935964,
    0.3866666666666667,
    1.1956450034935964,
    1.1356450034935963,
    0.4466666666666667,
    0.10666666666666667,
    0.9803326345208693,
    0.9069993011875359,
    1.0089783368269298,
    0.528134171907653,
    1.062311670160263,
    1.0556450034935965,
    1.0689783368269299,
    1.0003326345208694,
    1.0756450034935965,
    1.0756450034935963,
    1.0756450034935965,
    1.072500349405546,
    1.0136659678542026,
    1.064519916142094,
    1.1556450034935963,
    1.1623116701602632,
    1.0936659678542027,
    1.1003326345208693,
    1.1623116701602632,
    1.1003326345208693,
    1.1956450034935964,
    0.4457078965757214,
    1.1956450034935964,
    1.2023116701602632,
    0.37333333333333335,
    1.2556450034935964,
    0.9556450034935965,
    1.1956450034935964,
    0.5177917540181691,
    0.8551390635914692,
    1.0089783368269298,
    0.8275108315859435,
    0.32,
    1.0489783368269299,
    0.26,
    1.062311670160263,
    1.062311670160263,
    0.9418057302581359,
    0.8475108315859435,
    1.0756450034935965,
    1.0756450034935963,
    1.0756450034935965,
    1.072500349405546,
    0.32666666666666666,
    0.23333333333333334,
    1.1356450034935963,
    1.1556450034935963,
    1.1623116701602632,
    1.0418057302581358,
    1.0484723969248027,
    1.1623116701602632,
    1.0484723969248027,
    1.1956450034935964,
    1.2023116701602632,
    1.1956450034935964,
    1.2023116701602632,
    0.37333333333333335,
    0.5938392732354607,
    1.2223116701602632,
    0.12000000000000001,
    0.4405059399021273,
    0.3666666666666667,
    0.7541774982526102,
    0.9956450034935965,
    1.0089783368269298,
    1.0489783368269299,
    1.062311670160263,
    1.0689783368269299,
    1.0689783368269299,
    0.7462529699507884,
    0.8541774982526101,
    1.0756450034935963,
    1.0756450034935965,
    1.0136659678542026,
    0.8541774982526101,
    1.0689783368269299,
    1.12897833682693,
    1.0203326345208694,
    1.10897833682693,
    0.3,
    1.1556450034935963,
    1.1623116701602632,
    0.9408441649192768,
    0.9475108315859435,
    1.1623116701602632,
    0.9475108315859435,
    1.0551390635914693,
    1.1956450034935964,
    1.1956450034935964,
    0.9463312368970083,
    0.35333333333333333,
    0.44000000000000006,
    0.12666666666666668,
    0.652919636617455,
    1.0089783368269298,
    1.0556450034935965,
    0.595980433263255,
    1.062311670160263,
    1.082311670160263,
    0.7462529699507884,
    0.6093137665965882,
    1.0756450034935963,
    1.0136659678542026,
    0.7529196366174551,
    0.7595863032841217,
    1.1556450034935963,
    1.1623116701602632,
    0.8395863032841218,
    0.8462529699507885,
    1.1623116701602632,
    0.37333333333333335,
    0.8462529699507885,
    1.1956450034935964,
    1.1925003494055462,
    1.2023116701602632,
    0.13333333333333333,
    0.24000000000000002,
    0.5159804332632549,
    0.4323745632423881,
    0.4590412299090547,
    0.47237456324238813,
    1.0756450034935965,
    0.6226470999299216,
    1.1556450034935963,
    1.1623116701602632,
    0.7093137665965883,
    1.1623116701602632,
    0.7093137665965883,
    1.1956450034935964,
    1.184519916142094,
    1.2023116701602632,
    1.1556450034935963,
    0.13999999999999999,
    1.18897833682693,
    0.23333333333333334,
    0.5,
    0.9978532494754274,
    0.32,
    1.0658336827388792,
    0.3333333333333333,
    1.064519916142094,
    1.0136659678542026,
    0.7595863032841217,
    1.1423116701602631,
    1.1623116701602632,
    0.5723745632423881,
    1.1623116701602632,
    0.5723745632423881,
    0.4244584206848357,
    1.1956450034935964,
    1.1336659678542027,
    1.2023116701602632,
    1.2956450034935965,
    0.14666666666666667,
    0.8360587002094748,
    0.24,
    0.9351390635914691,
    1.0578532494754276,
    0.9551390635914693,
    0.7595863032841217,
    0.6226470999299216,
    0.3466666666666667,
    0.8341774982526101,
    1.072500349405546,
    1.1556450034935963,
    1.1623116701602632,
    0.43333333333333335,
    1.1556450034935963,
    1.1623116701602632,
    1.16897833682693,
    0.4333333333333334,
    1.1956450034935964,
    1.0818057302581359,
    1.2023116701602632,
    0.15333333333333332,
    0.7795863032841217,
    0.9484723969248025,
    1.064519916142094,
    0.8608441649192767,
    0.6226470999299216,
    0.48570789657572144,
    0.8796645702303416,
    1.1956450034935964,
    1.1556450034935963,
    1.1623116701602632,
    1.1623116701602632,
    1.2289783368269296,
    1.1956450034935964,
    1.1956450034935964,
    0.9808441649192768,
    1.0884723969248027,
    0.16,
    0.4,
    0.7941774982526101,
    0.5000000000000001,
    0.9484723969248026,
    0.8475108315859435,
    1.0136659678542026,
    0.7595863032841217,
    0.3466666666666667,
    1.1556450034935963,
    1.1623116701602632,
    1.1889783368269298,
    1.1623116701602632,
    1.1956450034935964,
    1.1956450034935964,
    0.8795863032841217,
    0.9875108315859434,
    1.2023116701602632,
    1.482311670160263,
    0.16666666666666666,
    0.692919636617455,
    1.0911865828087608,
    0.8475108315859434,
    0.7462529699507883,
    0.9618057302581359,
    1.1556450034935963,
    1.1623116701602632,
    1.1623116701602632,
    1.1956450034935964,
    1.1956450034935964,
    0.7426470999299216,
    0.8862529699507884,
    1.2556450034935964,
    0.17333333333333334,
    0.8803326345208692,
    0.2733333333333333,
    0.36,
    0.7462529699507884,
    0.6093137665965882,
    0.47904122990905484,
    0.8608441649192767,
    0.6226470999299216,
    1.1556450034935963,
    1.1556450034935963,
    1.1623116701602632,
    1.1623116701602632,
    1.1956450034935964,
    0.7493137665965883,
    0.18,
    1.1223116701602631,
    0.37333333333333335,
    0.35333333333333333,
    0.6093137665965882,
    0.7595863032841217,
    0.34,
    0.4866666666666667,
    1.1556450034935963,
    1.1623116701602632,
    1.1956450034935964,
    0.6057078965757214,
    0.4666666666666667,
    0.6123745632423881,
    1.2023116701602632,
    0.18666666666666668,
    0.37333333333333335,
    0.812919636617455,
    0.28,
    0.6226470999299216,
    1.1556450034935963,
    1.1623116701602632,
    1.1623116701602632,
    1.1956450034935964,
    1.1956450034935964,
    0.4666666666666667,
    1.2023116701602632,
    1.3023116701602633,
    0.19333333333333333,
    0.4,
    0.42314465408805035,
    0.3066666666666667,
    0.48570789657572144,
    1.1556450034935963,
    1.1623116701602632,
    1.1623116701602632,
    1.1956450034935964,
    1.2023116701602632,
    0.2,
    0.3466666666666667,
    0.4666666666666667,
    1.1556450034935963,
    1.1623116701602632,
    1.1623116701602632,
    1.1956450034935964,
    1.2023116701602632,
    1.2023116701602632,
    0.20666666666666667,
    1.1556450034935963,
    1.1623116701602632,
    1.1623116701602632,
    1.1956450034935964,
    1.2023116701602632,
    0.21333333333333335,
    0.34,
    0.31333333333333335,
    0.4,
    1.1556450034935963,
    1.1623116701602632,
    1.1623116701602632,
    1.1956450034935964,
    1.1956450034935964,
    0.22,
    1.0489783368269299,
    1.1556450034935963,
    1.1623116701602632,
    1.1623116701602632,
    1.1956450034935964,
    1.1956450034935964,
    1.2023116701602632,
    0.22666666666666668,
    1.1525003494055461,
    1.1623116701602632,
    1.1623116701602632,
    1.1956450034935964,
    0.23333333333333334,
    1.144519916142094,
    1.159167016072213,
    1.159167016072213,
    1.1925003494055462,
    1.2289783368269296,
    0.24000000000000002,
    1.1223116701602631,
    1.1956450034935964,
    0.8262529699507885,
    1.0936659678542027,
    1.1511865828087608,
    1.184519916142094,
    1.1911865828087609,
    0.5066666666666667,
    0.24666666666666667,
    1.164519916142094,
    1.0418057302581358,
    1.100332634520869,
    1.1003326345208693,
    1.1336659678542027,
    0.25333333333333335,
    1.0618057302581358,
    0.9408441649192768,
    1.0484723969248027,
    1.0484723969248027,
    1.0818057302581359,
    0.26,
    0.8395863032841216,
    0.9475108315859434,
    0.9475108315859435,
    0.9808441649192768,
    0.8795863032841217,
    0.5066666666666667,
    0.26666666666666666,
    0.8462529699507884,
    0.8462529699507884,
    0.8795863032841217,
    0.5657078965757214,
    0.7093137665965883,
    1.1269993011875359,
    0.7093137665965883,
    0.7426470999299216,
    0.27999999999999997,
    0.4266666666666667,
    0.5723745632423881,
    0.5723745632423881,
    0.6057078965757214,
    0.2866666666666667,
    0.5,
    0.43333333333333335,
    0.4333333333333334,
    0.4666666666666667,
    0.29333333333333333,
    0.3,
    0.5753123689727273,
    0.30666666666666664,
    0.31333333333333335,
    0.32,
    0.32666666666666666,
    1.2023116701602632,
    0.3333333333333333,
    1.12897833682693,
    0.34,
    0.5333333333333333,
    0.35333333333333333,
    0.36,
    1.2823116701602633,
    0.49333333333333335,
    0.5,
    0.5066666666666667,
    0.5133333333333334,
    0.52,
    0.5266666666666667,
    0.5333333333333333,
    0.54,
    0.5533333333333333,
    0.5599999999999999,
    0.5733333333333333,
    0.5999999999999999,
    0.6199999999999999,
    0.6266666666666665,
    0.6333333333333332,
    0.6399999999999998,
    0.6466666666666665,
    0.0
]