[
    0.0,
    2.627232704402516,
    7.883899371069184,
    10.47993710691824,
    13.049874213836478,
    15.615471698113208,
    18.16188679245283,
    20.69119496855346,
    23.212138364779875,
    25.74364779874214,
    28.284088050314466,
    30.834654088050314,
    33.36867924528302,
    38.40830188679245,
    40.90333333333333,
    43.40440251572327,
    45.9125786163522,
    48.42025157232705,
    50.92792452830189,
    53.42056603773585,
    55.902264150943395,
    58.38138364779874,
    60.83830188679246,
    63.298993710691825,
    65.74830188679246,
    68.17415094339623,
    70.61849056603774,
    73.11163522012578,
    75.61176100628929,
    72.8506289308176,
    78.10911949685534,
    80.59849056603774,
    83.13893081761005,
    85.66477987421383,
    88.16591194968554,
    90.66264150943395,
    93.19415094339622,
    95.72056603773582,
    98.27899371069181,
    100.81930817610062,
    103.38075471698112,
    105.9466037735849,
    108.51849056603773,
    111.1040251572327,
    113.70528301886792,
    116.32767295597485,
    118.95867924528302,
    121.60408805031445,
    124.26761006289307,
    129.6172327044025,
    132.31685534591196,
    135.0262893081761,
    137.76308176100628,
    112.19993710691823,
    135.22553459119496,
    157.3555974842768,
    160.26169811320756,
    85.09031446540882,
    119.79503144654089,
    88.57905660377361,
    169.17754716981136,
    172.20723270440254,
    175.23899371069183,
    141.09867924528305,
    178.31440251572332,
    181.42628930817614,
    184.56113207547173,
    159.77742138364778,
    197.29591194968555,
    200.52761006289313,
    93.2821383647799,
    116.32477987421386,
    206.9874213836478,
    210.21106918238996,
    145.27069182389937,
    67.86490566037736,
    100.32383647798744,
    193.43937106918236,
    219.82918238993705,
    87.9640251572327,
    53.936352201257854,
    96.52635220125788,
    165.30528301886793,
    73.61018867924527,
    60.11528301886792,
    110.33415094339625,
    112.96515723270443,
    115.58754716981134,
    128.47352201257863,
    66.25779874213836,
    121.32226415094341,
    123.90779874213838,
    126.47968553459121,
    204.1422012578616,
    72.32842767295597,
    162.48176100628933,
    132.147106918239,
    134.70855345911949,
    137.2488679245283,
    164.90937106918238,
    86.79698113207546,
    119.64817610062894,
    145.41270440251574,
    147.944213836478,
    150.44094339622643,
    152.94207547169813,
    87.1585534591195,
    117.37276729559751,
    127.93509433962267,
    158.50144654088055,
    56.97867924528301,
    93.0648427672956,
    120.41685534591197,
    123.08037735849058,
    128.3567924528302,
    169.07270440251577,
    174.06597484276733,
    59.98106918238994,
    98.90025157232705,
    146.86754716981136,
    66.12955974842767,
    87.49125786163522,
    103.4788679245283,
    108.95056603773584,
    99.07106918238995,
    104.70509433962265,
    139.5866666666667,
    142.17220125786167,
    154.97012578616358,
    192.30930817610067,
    199.7627672955975,
    98.04484276729559,
    69.08226415094339,
    90.44396226415094,
    99.16157232704403,
    110.42647798742138,
    113.15937106918238,
    115.8803144654088,
    155.3644025157233,
    173.0449056603774,
    253.64339622641512,
    96.54194968553456,
    99.02364779874212,
    104.75635220125785,
    72.00509433962264,
    75.13993710691824,
    96.3045283018868,
    99.21062893081762,
    107.77962264150943,
    113.34930817610064,
    116.08220125786164,
    126.94899371069184,
    256.5662264150944,
    98.53817610062893,
    100.98515723270441,
    104.32018867924529,
    74.87440251572328,
    110.94918238993712,
    134.6444025157233,
    102.07993710691825,
    104.95371069182391,
    107.81591194968556,
    110.64893081761008,
    132.48528301886796,
    259.435534591195,
    92.24150943396228,
    98.02805031446542,
    100.50201257861636,
    124.8216352201258,
    141.50849056603775,
    144.55188679245285,
    104.92182389937109,
    107.79559748427675,
    113.49081761006292,
    121.79339622641513,
    129.96056603773587,
    138.00981132075472,
    191.78371069182393,
    97.52327044025157,
    88.52937106918239,
    103.3230817610063,
    83.67220125786164,
    122.68000000000002,
    101.55723270440254,
    101.8990566037736,
    107.74289308176103,
    110.61666666666669,
    113.47886792452832,
    127.33540880503146,
    146.13981132075472,
    265.09849056603775,
    97.01559748427673,
    96.992893081761,
    102.79584905660377,
    112.95106918238993,
    118.97452830188678,
    86.46452830188679,
    115.32006289308175,
    151.58584905660382,
    104.69138364779874,
    112.57528301886792,
    138.8193081761006,
    164.33691823899375,
    116.27119496855346,
    119.10421383647798,
    127.40679245283019,
    132.8645283018868,
    151.56314465408803,
    161.94421383647799,
    267.89081761006287,
    96.48691823899372,
    111.71591194968553,
    102.26522012578616,
    121.7391823899371,
    148.54698113207544,
    107.45603773584907,
    110.39377358490567,
    121.8688679245283,
    124.66987421383648,
    127.4385534591195,
    138.33861635220126,
    141.03823899371068,
    159.58069182389937,
    156.9501886792453,
    159.5514465408805,
    95.99421383647798,
    111.21641509433962,
    93.05880503144654,
    101.74251572327044,
    135.94163522012576,
    121.23220125786165,
    95.1030817610063,
    141.01566037735847,
    107.24899371069183,
    113.15578616352202,
    116.06188679245284,
    121.79786163522013,
    124.63088050314465,
    127.43188679245283,
    130.20056603773585,
    143.80025157232703,
    151.81339622641508,
    159.71220125786164,
    84.32484276729559,
    95.57911949685534,
    97.97106918238994,
    101.2048427672956,
    136.5646540880503,
    159.45981132075474,
    135.3370440251572,
    128.66522012578616,
    141.87201257861636,
    144.3537106918239,
    103.95,
    132.72333333333336,
    109.98874213836478,
    115.89553459119497,
    130.17163522012578,
    132.9403144654088,
    149.20698113207544,
    165.0532075471698,
    167.63874213836476,
    95.19704402515723,
    114.31018867924527,
    130.0849685534591,
    135.21635220125788,
    132.32088050314465,
    135.922893081761,
    120.15849056603773,
    140.5422641509434,
    141.2619496855346,
    143.74106918238996,
    122.01220125786163,
    147.07981132075474,
    103.64433962264151,
    118.6216352201258,
    123.88012578616353,
    124.40150943396227,
    135.66641509433964,
    138.39930817610065,
    143.85704402515725,
    154.61572327044024,
    157.27924528301887,
    170.3648427672956,
    172.93672955974844,
    94.85358490566037,
    107.4594968553459,
    110.00591194968553,
    92.8151572327044,
    96.86245283018867,
    100.11471698113208,
    140.42735849056604,
    134.68490566037735,
    141.8703144654088,
    142.60081761006288,
    133.73861635220123,
    136.6491823899371,
    119.6135220125786,
    139.88088050314465,
    144.97283018867924,
    143.25591194968553,
    139.1208176100629,
    118.3325786163522,
    121.44446540880502,
    106.35798742138364,
    124.24138364779874,
    127.1151572327044,
    129.97735849056605,
    143.83389937106915,
    177.40534591194972,
    159.99289308176097,
    162.63830188679242,
    178.21622641509433,
    180.77767295597482,
    76.93855345911949,
    94.4527044025157,
    109.60188679245282,
    128.92119496855346,
    99.54779874213835,
    137.30377358490566,
    141.19075471698116,
    98.16509433962264,
    133.34075471698114,
    144.24452830188682,
    139.9408176100629,
    142.56622641509435,
    109.04333333333332,
    121.082893081761,
    126.92672955974842,
    132.66270440251571,
    138.29672955974843,
    165.32364779874212,
    178.33572327044024,
    183.46301886792452,
    186.00333333333333,
    188.56176100628932,
    94.12924528301886,
    133.47666666666666,
    98.98584905660377,
    136.62993710691828,
    140.53496855345915,
    145.52075471698114,
    142.708427672956,
    118.41169811320752,
    138.46899371069185,
    139.25270440251575,
    145.08044025157233,
    111.72226415094337,
    123.76182389937105,
    132.47943396226412,
    138.1746540880503,
    197.61842767295593,
    151.93496855345907,
    170.6335849056603,
    186.14194968553454,
    188.68226415094335,
    93.7606289308176,
    108.91251572327042,
    132.94327044025155,
    98.39125786163521,
    131.00106918238995,
    136.13660377358494,
    94.33855345911952,
    107.01100628930816,
    142.0418238993711,
    117.80301886792452,
    137.75805031446544,
    142.7723270440252,
    138.55899371069182,
    137.5138364779874,
    144.36194968553463,
    114.38220125786162,
    120.44364779874213,
    135.13937106918237,
    140.83459119496854,
    157.3043396226415,
    160.0039622641509,
    193.90062893081762,
    93.41660377358491,
    108.5962893081761,
    83.15308176100629,
    127.33937106918238,
    97.77540880503145,
    133.01924528301888,
    139.36150943396228,
    158.48050314465408,
    113.83283018867924,
    137.0547169811321,
    142.1134591194969,
    144.48830188679247,
    126.78232704402514,
    137.83402515723273,
    140.27836477987424,
    143.62641509433968,
    94.96685534591194,
    130.86276729559745,
    117.02377358490565,
    120.05553459119497,
    129.06333333333333,
    140.64314465408805,
    146.27716981132073,
    154.49968553459115,
    165.3125157232704,
    173.30408805031442,
    93.08509433962264,
    116.15132075471699,
    111.6016352201258,
    126.83144654088048,
    131.85748427672956,
    97.18088050314465,
    137.5054716981132,
    168.40490566037738,
    170.97679245283018,
    138.7903144654088,
    148.16704402515728,
    135.61943396226417,
    129.86,
    142.90018867924533,
    97.588679245283,
    155.97006289308177,
    122.67735849056604,
    181.60930817610063,
    184.61836477987418,
    137.52899371069182,
    143.2649685534591,
    148.8989937106918,
    165.26735849056598,
    226.7104402515723,
    92.84088050314465,
    108.03968553459119,
    126.33421383647797,
    131.38666666666666,
    136.99496855345913,
    167.85396226415094,
    170.48119496855344,
    170.4394968553459,
    138.20176100628933,
    124.7675471698113,
    138.8498742138365,
    132.58194968553457,
    135.75962264150945,
    142.22924528301886,
    100.19465408805029,
    122.251572327044,
    125.28333333333332,
    181.03748427672954,
    128.3130188679245,
    184.21528301886792,
    184.06716981132072,
    186.69440251572325,
    148.70396226415093,
    170.54031446540876,
    191.5439622641509,
    107.84025157232705,
    125.91572327044022,
    130.97364779874212,
    96.20716981132075,
    167.34427672955977,
    169.975534591195,
    169.94553459119498,
    154.93169811320752,
    137.65075471698114,
    139.5630188679245,
    115.37106918238992,
    135.17339622641512,
    140.18371069182388,
    135.8537106918239,
    138.3746540880503,
    141.58132075471696,
    125.79044025157232,
    102.80968553459117,
    141.9062893081761,
    127.8983647798742,
    183.65251572327043,
    183.4781761006289,
    139.84389937106917,
    193.6779245283019,
    156.88867924528302,
    175.83798742138362,
    194.15899371069182,
    219.507106918239,
    92.47999999999999,
    105.09025157232703,
    130.55477987421386,
    95.76823899371067,
    133.5988679245283,
    136.13037735849056,
    166.88490566037737,
    169.5103144654088,
    169.5072955974843,
    137.1580503144654,
    142.30861635220123,
    111.26364779874213,
    139.01295597484275,
    185.07880503144656,
    114.43616352201256,
    134.56842767295595,
    135.24018867924528,
    140.94937106918238,
    114.99811320754715,
    179.80459119496854,
    183.04471698113204,
    182.88,
    195.63905660377355,
    130.49666666666664,
    133.52635220125785,
    156.71830188679246,
    162.21987421383648,
    178.43628930817607,
    206.98333333333335,
    102.24006289308177,
    92.29628930817609,
    107.49974842767294,
    89.7717610062893,
    95.28182389937106,
    133.1311320754717,
    169.0396855345912,
    169.07465408805032,
    133.6169182389937,
    115.1082389937107,
    108.19584905660376,
    135.86937106918236,
    138.4098113207547,
    184.46433962264152,
    133.99163522012574,
    134.604465408805,
    140.30603773584903,
    175.48735849056598,
    179.12245283018868,
    126.96597484276728,
    182.38106918238992,
    182.2343396226415,
    194.9572327044025,
    136.10283018867926,
    150.79855345911952,
    164.7963522012579,
    172.96352201257864,
    92.14352201257861,
    107.38371069182388,
    94.8703144654088,
    166.06044025157235,
    168.6303773584906,
    168.70584905660377,
    156.7355974842767,
    109.86723270440251,
    183.85899371069183,
    133.37578616352198,
    133.99918238993706,
    139.7030188679245,
    130.61264150943393,
    123.27735849056602,
    181.68056603773582,
    181.53647798742136,
    194.26534591194965,
    138.6609433962264,
    161.852893081761,
    167.35446540880503,
    91.99345911949686,
    104.67440251572324,
    104.76748427672953,
    129.3267924528302,
    94.43842767295595,
    129.71364779874213,
    134.8135220125786,
    165.6901886792453,
    168.25578616352203,
    168.3537106918239,
    111.54654088050316,
    135.69245283018867,
    120.77698113207545,
    155.46289308176102,
    129.66163522012576,
    134.68987421383648,
    183.30817610062894,
    112.67069182389935,
    102.41056603773582,
    139.07880503144648,
    113.09635220125783,
    177.68949685534588,
    180.95540880503142,
    180.8341509433962,
    193.5589937106918,
    198.12075471698114,
    172.6291823899371,
    214.67169811320758,
    91.84402515723268,
    107.16119496855345,
    91.09748427672955,
    160.52874213836475,
    94.0052830188679,
    134.40974842767295,
    165.36566037735847,
    167.9120754716981,
    168.04830188679244,
    182.77522012578618,
    135.24377358490563,
    134.02232704402513,
    115.60742138364778,
    176.95666666666662,
    180.20056603773583,
    180.14729559748423,
    192.8267295597484,
    195.42276729559745,
    134.58893081761002,
    161.2837106918239,
    177.87704402515723,
    91.75666666666666,
    107.09333333333333,
    123.02930817610061,
    121.38773584905661,
    112.95817610062892,
    128.5806289308176,
    128.98220125786165,
    165.13106918238992,
    167.66037735849056,
    167.79805031446537,
    134.79823899371067,
    135.23622641509434,
    126.08867924528302,
    182.35207547169813,
    111.55006289308173,
    131.61723270440248,
    134.67710691823896,
    176.2635849056603,
    179.49157232704397,
    181.9916981132075,
    192.09044025157226,
    149.2697484276729,
    158.08264150943393,
    166.65163522012574,
    174.95421383647795,
    254.5999371069182,
    89.62408805031446,
    91.68452830188677,
    104.39138364779873,
    117.37855345911953,
    93.3348427672956,
    128.7227672955975,
    131.3240251572327,
    133.8190566037736,
    164.92716981132074,
    167.44811320754715,
    167.62679245283016,
    115.43924528301889,
    105.75503144654088,
    134.42440251572327,
    134.80522012578615,
    108.00999999999999,
    125.58930817610062,
    181.92528301886793,
    111.05408805031445,
    131.19182389937106,
    136.18792452830186,
    131.641572327044,
    117.42999999999998,
    175.55867924528295,
    190.7110062893081,
    178.7829559748427,
    178.75937106918232,
    191.38584905660372,
    154.75817610062896,
    163.47578616352203,
    169.1710062893082,
    185.64075471698115,
    91.47924528301886,
    101.85817610062892,
    91.66113207547167,
    114.90641509433962,
    116.21452830188679,
    112.64125786163522,
    87.77716981132073,
    93.05893081761005,
    125.8762893081761,
    128.47754716981132,
    133.60100628930815,
    164.74987421383642,
    167.2813836477987,
    167.4593081761006,
    125.13364779874212,
    135.2446540880503,
    181.55559748427672,
    110.5149685534591,
    130.64421383647797,
    135.6855974842767,
    184.55798742138361,
    121.24421383647797,
    131.12987421383647,
    136.664465408805,
    174.78132075471692,
    123.15817610062889,
    178.05515723270432,
    178.01301886792442,
    190.66106918238987,
    171.66748427672957,
    174.46849056603776,
    177.23716981132077,
    91.63704402515722,
    107.0253459119497,
    145.34044025157232,
    128.09389937106917,
    92.82012578616352,
    128.25522012578617,
    164.5823270440251,
    167.12276729559744,
    167.3191194968553,
    117.88050314465409,
    181.1739622641509,
    110.01213836477984,
    130.15849056603773,
    135.22811320754715,
    184.1777987421383,
    139.9032075471698,
    142.53044025157232,
    130.6205660377358,
    89.18213836477985,
    136.17283018867923,
    131.18962264150943,
    144.25289308176093,
    174.03283018867913,
    177.2658490566037,
    177.26584905660366,
    189.88572327044017,
    146.33389937106915,
    156.7701257861635,
    267.0363522012578,
    101.9253459119497,
    91.64377358490566,
    107.02383647798744,
    89.9603144654088,
    92.58937106918239,
    128.0567924528302,
    133.20987421383649,
    164.44679245283015,
    166.997358490566,
    167.16773584905658,
    133.54685534591195,
    133.76635220125786,
    117.69201257861636,
    126.78446540880503,
    180.87050314465404,
    109.53125786163521,
    134.75251572327042,
    150.83396226415095,
    135.6314465408805,
    152.13257861635216,
    148.12805031446536,
    173.25188679245272,
    188.4037735849056,
    176.50339622641496,
    176.4786792452829,
    189.0990566037735,
    191.61999999999992,
    195.07905660377352,
    188.57849056603771,
    214.90817610062894,
    193.09232704402515,
    91.69352201257863,
    104.6179245283019,
    109.82955974842768,
    122.62886792452831,
    92.41396226415097,
    127.88352201257862,
    133.0547169811321,
    164.3227044025157,
    166.8567295597484,
    167.05559748427672,
    123.82264150943395,
    180.57924528301882,
    180.7926415094339,
    129.62496855345913,
    135.1364779874214,
    172.44899371069172,
    187.62867924528294,
    175.70553459119486,
    175.67264150943387,
    188.32591194968543,
    190.8574213836477,
    193.6795597484276,
    185.99251572327046,
    161.69433962264148,
    208.9041509433962,
    100.7251572327044,
    91.77094339622644,
    107.16647798742142,
    105.20559748427675,
    110.96188679245284,
    137.89446540880505,
    87.16962264150945,
    127.69622641509436,
    127.75333333333334,
    164.2272955974843,
    166.7545283018868,
    166.99597484276728,
    133.25603773584908,
    180.36723270440245,
    108.73754716981134,
    128.85547169811323,
    133.93364779874216,
    180.4997484276729,
    183.04018867924523,
    129.20641509433963,
    134.65176100628932,
    171.64566037735844,
    186.87383647798734,
    174.90993710691816,
    174.8794339622641,
    187.54918238993704,
    221.98452830188683,
    108.34364779874217,
    91.78930817610065,
    107.29849056603774,
    97.26641509433964,
    125.86729559748429,
    130.66201257861636,
    158.63905660377367,
    84.96440251572328,
    130.14672955974845,
    132.6393710691824,
    132.81371069182393,
    164.19433962264148,
    166.7067295597484,
    166.99534591194967,
    132.96584905660382,
    133.0669811320755,
    123.21949685534592,
    108.40974842767298,
    180.2671698113207,
    128.82427672955976,
    170.90861635220122,
    186.10742138364773,
    174.09616352201252,
    174.11528301886787,
    186.77377358490557,
    189.31408805031435,
    190.99345911949678,
    188.36993710691826,
    191.88081761006293,
    274.73377358490575,
    101.76220125786162,
    84.07672955974844,
    107.40918238993714,
    127.03893081761008,
    91.81383647798746,
    125.10050314465411,
    130.03654088050317,
    164.2048427672956,
    166.69987421383647,
    167.0378616352201,
    155.74496855345913,
    132.83540880503145,
    104.49522012578616,
    122.40811320754722,
    107.3098742138365,
    122.97339622641513,
    133.35289308176104,
    121.94622641509437,
    180.04283018867923,
    182.77572327044024,
    128.4920125786164,
    87.51805031446541,
    170.19295597484273,
    185.3877987421383,
    173.33924528301884,
    173.37062893081756,
    188.56547169811313,
    128.21748427672955,
    150.29276729559746,
    205.58767295597482,
    91.83861635220129,
    104.78698113207551,
    127.53100628930821,
    91.62452830188681,
    143.98999999999998,
    164.24358490566038,
    166.7446540880503,
    167.10578616352203,
    130.24704402515727,
    143.58955974842772,
    121.24264150943398,
    107.85496855345914,
    128.01622641509437,
    179.8478616352201,
    182.61654088050312,
    115.08245283018866,
    128.21490566037738,
    133.51371069182392,
    163.2524528301887,
    169.50962264150942,
    184.68572327044018,
    172.6707547169811,
    98.51660377358492,
    91.96660377358492,
    122.39911949685538,
    127.58522012578621,
    55.80006289308179,
    143.92408805031445,
    85.04465408805034,
    132.72484276729563,
    101.629748427673,
    164.36930817610065,
    166.87748427672958,
    122.89320754716985,
    132.6776100628931,
    161.09949685534593,
    160.42176100628933,
    132.7040880503145,
    141.96188679245284,
    125.28270440251575,
    179.80522012578615,
    107.59842767295602,
    127.85125786163525,
    121.36949685534596,
    179.7688679245283,
    128.01257861635224,
    133.29433962264153,
    168.84553459119496,
    184.04899371069178,
    171.96666666666664,
    171.99880503144652,
    184.6303773584905,
    168.57113207547172,
    92.03119496855349,
    107.86094339622643,
    118.00836477987424,
    151.2544025157233,
    122.49232704402519,
    91.38308176100632,
    132.74836477987424,
    164.49867924528303,
    167.00635220125787,
    167.40477987421383,
    118.1638993710692,
    132.65490566037738,
    152.65459119496856,
    190.63496855345915,
    124.96289308176102,
    127.72490566037737,
    121.6905031446541,
    179.75238993710687,
    130.29345911949687,
    130.4895597484277,
    168.19226415094337,
    183.43245283018865,
    171.2877358490566,
    171.34150943396222,
    183.99616352201255,
    92.14333333333335,
    138.6176729559748,
    122.58622641509439,
    127.7634591194969,
    91.30157232704406,
    132.8308805031447,
    164.69603773584907,
    167.20371069182391,
    167.63377358490567,
    132.7159119496856,
    132.66446540880509,
    124.91968553459125,
    132.69515723270445,
    107.1621383647799,
    127.65943396226419,
    123.07408805031451,
    179.78119496855345,
    182.28226415094338,
    163.21773584905665,
    167.13905660377355,
    167.57584905660377,
    170.65113207547165,
    170.7093081761006,
    183.39025157232703,
    185.99150943396225,
    226.0247798742139,
    89.87886792452831,
    120.86968553459121,
    131.24515723270443,
    176.26333333333332,
    163.911320754717,
    175.99396226415104,
    122.67993710691827,
    127.94176100628937,
    91.29817610062895,
    125.06201257861639,
    127.79490566037742,
    164.97534591194972,
    167.46798742138367,
    167.94440251572325,
    123.82729559748431,
    174.6953459119497,
    176.82566037735853,
    132.80786163522018,
    132.76584905660383,
    167.4510062893082,
    104.30509433962268,
    132.7186163522013,
    180.01893081761008,
    107.0311949685535,
    127.63377358490573,
    179.87125786163523,
    182.37943396226416,
    151.9103773584906,
    142.93044025157235,
    152.47094339622646,
    167.0293081761006,
    170.05163522012575,
    170.13088050314462,
    182.82566037735847,
    185.4480503144654,
    178.62792452830186,
    103.63830188679248,
    89.78981132075474,
    108.68352201257865,
    196.07232704402514,
    91.30811320754721,
    130.69547169811324,
    165.2867295597484,
    167.76842767295597,
    168.29578616352202,
    132.8823270440252,
    217.63949685534595,
    101.898427672956,
    132.80937106918242,
    162.03943396226418,
    122.31358490566042,
    132.71591194968556,
    180.1495597484277,
    127.5273584905661,
    132.72012578616358,
    179.95710691823902,
    127.58647798742145,
    132.8193710691824,
    166.49999999999997,
    169.4751572327044,
    169.57899371069183,
    182.2846540880503,
    184.91566037735848,
    92.84232704402517,
    141.83257861635224,
    170.3045911949685,
    125.04496855345913,
    127.20522012578621,
    128.27672955974845,
    91.30698113207548,
    128.0587421383648,
    130.89176100628936,
    133.39188679245288,
    165.68006289308178,
    168.15918238993711,
    168.709748427673,
    183.68761006289307,
    132.98566037735853,
    100.49937106918243,
    104.19383647798745,
    180.36364779874216,
    106.71679245283022,
    180.11125786163524,
    127.49660377358497,
    132.7228301886793,
    158.27119496855352,
    107.69000000000001,
    163.3496855345912,
    166.05798742138367,
    168.9693710691824,
    169.09150943396227,
    181.79836477987422,
    125.65779874213835,
    102.31968553459122,
    93.1282389937107,
    102.25647798742139,
    198.355786163522,
    110.46358490566041,
    123.13830188679248,
    128.48987421383652,
    180.12289308176102,
    91.31176100628933,
    125.73660377358496,
    133.585534591195,
    166.0844025157233,
    168.54132075471702,
    169.11616352201258,
    133.111320754717,
    104.14742138364782,
    134.71194968553465,
    130.23471698113212,
    180.60773584905667,
    127.4559119496856,
    132.64283018867928,
    168.50459119496858,
    168.67006289308176,
    181.36421383647803,
    168.74654088050318,
    120.5625786163522,
    93.4076100628931,
    123.33213836477991,
    91.31301886792454,
    128.4490566037736,
    166.50572327044026,
    168.96641509433962,
    169.58113207547171,
    143.99918238993715,
    133.28955974842773,
    180.9237106918239,
    127.47295597484282,
    127.4150943396227,
    132.58981132075476,
    121.06270440251575,
    177.2823899371069,
    168.0745283018868,
    168.2448427672956,
    180.95050314465408,
    256.4503144654089,
    88.77528301886791,
    93.79037735849056,
    110.33138364779875,
    163.50188679245286,
    129.04144654088051,
    91.42056603773585,
    128.69345911949688,
    134.14000000000001,
    167.042893081761,
    169.49220125786164,
    170.15477987421386,
    133.53490566037738,
    136.29899371069183,
    181.32025157232707,
    130.1410062893082,
    132.63943396226418,
    193.07377358490558,
    164.9222641509434,
    167.73,
    167.9261006289308,
    180.6391823899371,
    110.00144654088051,
    94.23553459119496,
    149.94503144654084,
    145.7114465408805,
    142.01698113207547,
    123.98320754716985,
    91.54446540880502,
    129.0381132075472,
    170.1191823899371,
    170.82817610062892,
    178.5017610062893,
    133.5169811320755,
    196.7085534591195,
    103.99138364779874,
    133.0427672955975,
    181.79578616352205,
    106.61320754716981,
    127.56905660377362,
    109.70075471698114,
    164.72974842767294,
    180.1148427672956,
    167.44477987421382,
    167.68245283018868,
    170.10830188679245,
    180.3679245283019,
    89.68559748427674,
    108.41433962264153,
    111.44610062893082,
    229.05559748427675,
    132.50106918238993,
    91.68792452830189,
    129.45113207547172,
    168.36025157232706,
    170.80459119496857,
    171.5049056603774,
    134.12641509433962,
    133.79679245283018,
    104.06660377358492,
    104.2630817610063,
    122.64226415094343,
    182.33471698113212,
    127.74496855345916,
    127.59811320754719,
    132.74081761006292,
    164.57540880503146,
    167.25993710691824,
    167.4982389937107,
    180.18433962264152,
    190.42377358490566,
    186.49547169811325,
    189.5708805031447,
    276.643962264151,
    129.63628930817612,
    151.73742138364784,
    95.21754716981134,
    91.89654088050317,
    129.93528301886792,
    132.43201257861634,
    132.9443396226415,
    135.44106918238992,
    128.84911949685537,
    169.02358490566044,
    171.51672955974848,
    172.21421383647805,
    131.59006289308175,
    134.52779874213837,
    153.46591194968553,
    155.06704402515732,
    173.1737735849057,
    122.81962264150947,
    182.90515723270445,
    133.29591194968555,
    127.77113207547173,
    132.8896855345912,
    128.6394968553459,
    141.35553459119498,
    164.40283018867927,
    179.91201257861638,
    167.09830188679246,
    167.27213836477992,
    180.04452830188683,
    90.72729559748429,
    107.7050314465409,
    122.34836477987422,
    95.74899371069185,
    86.97440251572328,
    92.09503144654089,
    130.39584905660377,
    135.95704402515727,
    169.69710691823906,
    172.19723270440258,
    172.8959119496856,
    132.43276729559753,
    119.4127672955975,
    125.90805031446543,
    183.5337735849057,
    106.84836477987423,
    128.17056603773585,
    133.5642767295598,
    127.95257861635223,
    130.78559748427676,
    133.0900628930818,
    168.63006289308177,
    164.27836477987427,
    166.92075471698118,
    167.12025157232708,
    180.0040880503145,
    108.36,
    96.3081132075472,
    185.44264150943394,
    216.1516981132076,
    90.09981132075472,
    131.46408805031447,
    130.92880503144656,
    170.42823899371075,
    172.92559748427678,
    173.62893081761013,
    135.47981132075475,
    126.1424528301887,
    184.2066666666667,
    133.8572955974843,
    131.05540880503148,
    133.33465408805034,
    128.57169811320756,
    198.77251572327043,
    164.21842767295604,
    166.82742138364785,
    179.98786163522018,
    182.4322012578617,
    238.03106918238996,
    135.3985534591195,
    103.17855345911948,
    96.86949685534593,
    204.15094339622635,
    153.08761006289313,
    141.36911949685538,
    131.7256603773585,
    163.55075471698115,
    185.31201257861628,
    126.55125786163521,
    147.80748427672958,
    90.42345911949687,
    92.66522012578618,
    131.47106918238995,
    137.10490566037737,
    171.20849056603777,
    173.69786163522016,
    174.44018867924532,
    149.01641509433958,
    136.0135849056604,
    135.51880503144656,
    184.91144654088055,
    177.33999999999997,
    164.2389308176101,
    179.9483018867925,
    166.78383647798748,
    167.03125786163525,
    179.97194968553464,
    182.46509433962268,
    97.47924528301888,
    112.2027672955975,
    118.8325786163522,
    191.71836477987412,
    116.59421383647798,
    87.8785534591195,
    132.7340251572327,
    183.47220125786168,
    92.9945283018868,
    132.09270440251572,
    137.74490566037738,
    171.98628930817614,
    175.21930817610067,
    136.53861635220127,
    166.1307547169811,
    136.02622641509438,
    124.02490566037736,
    185.6274213836478,
    107.3803144654088,
    134.61817610062892,
    184.98238993710692,
    128.79213836477985,
    164.22584905660378,
    180.05559748427675,
    153.0498113207547,
    166.81000000000003,
    166.99050314465413,
    180.0192452830189,
    183.5004402515723,
    118.20842767295596,
    98.08968553459118,
    115.52257861635222,
    119.24786163522015,
    190.8222641509434,
    192.83025157232703,
    133.43364779874213,
    93.36452830188679,
    132.7524528301887,
    138.4487421383648,
    172.80276729559753,
    175.3286163522013,
    176.0295597484277,
    102.08830188679245,
    113.70880503144654,
    136.57817610062892,
    124.46559748427673,
    122.68503144654089,
    186.3995597484277,
    107.63817610062893,
    129.54251572327044,
    135.0730188679245,
    185.70993710691826,
    129.15855345911947,
    134.27811320754714,
    158.54050314465405,
    181.04748427672956,
    164.25075471698116,
    180.20911949685538,
    166.80572327044027,
    167.0127672955975,
    180.1381132075472,
    201.80169811320758,
    125.6949685534591,
    132.12496855345915,
    98.6653459119497,
    116.19540880503146,
    226.7189937106918,
    170.8277358490566,
    147.53849056603778,
    179.2950943396226,
    93.75540880503145,
    136.00396226415097,
    139.1486163522013,
    173.64509433962266,
    176.14622641509436,
    176.8687421383648,
    168.19540880503143,
    137.16597484276733,
    124.89817610062893,
    135.3389937106918,
    187.1772955974843,
    107.9372327044025,
    198.52125786163515,
    189.71220125786164,
    129.54698113207547,
    134.66660377358488,
    135.17088050314464,
    165.9109433962264,
    164.34886792452835,
    180.41251572327045,
    166.82106918238998,
    167.08861635220129,
    180.29006289308177,
    183.15226415094338,
    185.1364779874214,
    99.28477987421385,
    116.90754716981132,
    119.7190566037736,
    133.92754716981133,
    201.91811320754707,
    144.61981132075474,
    94.13817610062893,
    130.96257861635223,
    134.10723270440255,
    136.67911949685538,
    174.46836477987424,
    176.96509433962265,
    177.7021383647799,
    139.86993710691823,
    208.59182389937106,
    107.80169811320755,
    125.35962264150943,
    187.90779874213837,
    136.06610062893083,
    190.42716981132077,
    129.99037735849055,
    135.07333333333335,
    157.76522012578613,
    164.48433962264156,
    180.57704402515722,
    166.9061635220126,
    167.21044025157238,
    194.839748427673,
    99.91691823899373,
    114.36245283018869,
    185.80176100628933,
    111.24779874213834,
    165.99132075471698,
    129.79962264150947,
    135.59968553459123,
    204.59050314465406,
    134.8315094339623,
    175.28981132075475,
    177.82132075471702,
    178.4964779874214,
    136.5523270440252,
    218.70446540880505,
    106.29113207547171,
    137.1552201257862,
    132.4579245283019,
    188.6819496855346,
    108.5133962264151,
    136.57628930817614,
    129.21150943396228,
    187.9516352201258,
    135.56911949685536,
    157.68742138364777,
    160.373144654088,
    164.64188679245285,
    180.81333333333333,
    167.05402515723276,
    167.35553459119498,
    183.14672955974842,
    112.22553459119497,
    95.39025157232703,
    100.54823899371068,
    118.28899371069186,
    136.9019496855346,
    130.5324528301887,
    136.35553459119498,
    135.57528301886794,
    141.37723270440253,
    176.1162893081761,
    178.64270440251573,
    179.29396226415093,
    137.77396226415095,
    167.19490566037732,
    139.8588679245283,
    103.7008176100629,
    137.7738993710692,
    108.86798742138366,
    137.14654088050315,
    188.75767295597484,
    178.69352201257854,
    164.8691823899371,
    181.1414465408805,
    167.21874213836477,
    167.5545283018868,
    180.88905660377358,
    183.39018867924528,
    113.81811320754719,
    101.21314465408804,
    118.972641509434,
    123.92723270440253,
    95.56880503144652,
    136.3243396226415,
    142.178427672956,
    176.9062893081761,
    179.46471698113209,
    180.0674213836478,
    140.597106918239,
    126.92798742138365,
    137.76383647798744,
    189.5912578616352,
    134.06106918238996,
    136.55754716981136,
    206.1057232704402,
    165.0967924528302,
    181.52603773584906,
    167.46037735849058,
    167.77572327044024,
    170.33415094339622,
    184.20496855345914,
    184.38855345911952,
    204.6230817610063,
    224.19352201257863,
    108.49943396226413,
    96.56836477987423,
    101.81182389937108,
    119.64188679245285,
    130.3238993710692,
    183.94144654088043,
    137.84880503144657,
    96.04037735849057,
    133.82628930817611,
    177.66006289308172,
    180.20037735849053,
    180.81333333333333,
    141.33477987421387,
    140.5647169811321,
    104.56930817610062,
    139.08672955974845,
    109.7225786163522,
    132.6298742138365,
    138.39572327044027,
    190.4129559748428,
    192.94446540880506,
    165.39264150943396,
    168.05257861635218,
    184.59358490566038,
    135.3959119496855,
    229.40295597484285,
    97.13006289308177,
    120.22440251572327,
    207.52622641509436,
    132.67899371069183,
    138.56930817610063,
    96.58710691823899,
    140.4467924528302,
    143.67358490566036,
    178.40767295597485,
    180.96911949685534,
    142.11301886792452,
    158.2483018867925,
    241.07584905660374,
    139.7833962264151,
    110.19698113207546,
    133.26364779874214,
    191.2375471698113,
    132.58245283018869,
    224.03295597484274,
    137.698427672956,
    230.58905660377354,
    163.60194968553458,
    165.7253459119497,
    167.9906289308176,
    168.36691823899372,
    182.00522012578614,
    185.03490566037738,
    208.44716981132075,
    185.31119496855342,
    120.72672955974843,
    197.5962893081761,
    133.31163522012582,
    97.09446540880504,
    179.09647798742137,
    181.66232704402515,
    182.22993710691824,
    208.848679245283,
    162.54924528301888,
    184.12119496855345,
    139.5748427672956,
    170.91100628930815,
    192.6707547169811,
    133.84811320754716,
    139.70226415094336,
    191.96012578616347,
    133.16440251572325,
    138.28157232704402,
    119.83761006289306,
    149.25352201257863,
    166.07100628930814,
    182.80911949685532,
    168.28962264150942,
    168.6928301886792,
    182.3991823899371,
    148.45836477987422,
    2.577610062893082,
    68.84471698113208,
    84.98547169811322,
    118.1651572327044,
    114.234213836478,
    99.43050314465408,
    105.0285534591195,
    107.9322641509434,
    113.2,
    119.90930817610062,
    125.80578616352203,
    136.45522012578613,
    137.18182389937107,
    142.36188679245282,
    141.63540880503143,
    143.1483647798742,
    146.21981132075473,
    147.5942767295598,
    138.141572327044,
    76.46761006289307,
    168.92830188679244,
    171.49415094339622,
    182.09245283018868,
    185.06150943396227,
    170.98251572327047,
    184.71427672955974,
    185.6394968553459,
    196.22427672955973,
    188.23779874213835,
    140.27144654088053,
    227.35320754716986,
    113.18823899371068,
    5.14188679245283,
    99.77308176100628,
    105.2409433962264,
    117.78496855345914,
    112.92150943396229,
    123.2048427672956,
    136.89182389937105,
    136.98408805031448,
    142.16415094339624,
    142.791320754717,
    139.74610062893083,
    142.19044025157234,
    144.56245283018865,
    146.75584905660378,
    148.06100628930818,
    98.31402515723272,
    169.43880503144658,
    182.49157232704403,
    185.42930817610062,
    171.4925786163522,
    185.13314465408808,
    186.18402515723272,
    196.75389937106917,
    188.79905660377358,
    147.10289308176098,
    7.739874213836478,
    103.30144654088052,
    94.5762893081761,
    105.39641509433962,
    123.41264150943398,
    129.2169811320755,
    88.6351572327044,
    150.88088050314468,
    137.3246540880503,
    75.1030817610063,
    138.40207547169808,
    143.2288679245283,
    142.80886792452827,
    146.5918238993711,
    147.25477987421385,
    148.50119496855348,
    169.9898113207547,
    172.53012578616352,
    182.85968553459122,
    185.76578616352202,
    172.03679245283018,
    175.19006289308174,
    185.51962264150944,
    187.45861635220126,
    197.29427672955973,
    189.39823899371072,
    165.43081761006286,
    154.8359748427673,
    160.56408805031452,
    159.04949685534598,
    114.87408805031446,
    10.329874213836478,
    100.3993081761006,
    105.51899371069182,
    174.41584905660383,
    117.53270440251575,
    114.60050314465407,
    135.19622641509432,
    137.6972955974843,
    138.19974842767294,
    138.9707547169811,
    143.59377358490565,
    143.44138364779872,
    144.96377358490565,
    145.70566037735847,
    147.08012578616353,
    147.72232704402518,
    148.8942767295598,
    114.43314465408804,
    170.50358490566038,
    173.06201257861636,
    183.16918238993713,
    186.04295597484276,
    172.57981132075474,
    185.84811320754721,
    187.42679245283017,
    188.10213836477988,
    190.66056603773586,
    197.26245283018864,
    197.77459119496854,
    170.60515723270433,
    174.46314465408807,
    142.64295597484278,
    100.01188679245281,
    100.66993710691823,
    105.56635220125786,
    112.74955974842767,
    118.09968553459122,
    115.00572327044024,
    123.62446540880505,
    134.16364779874215,
    145.48968553459122,
    140.52201257861634,
    138.74088050314464,
    139.48465408805032,
    136.62591194968553,
    144.02264150943398,
    145.5045283018868,
    146.21603773584906,
    148.1254088050315,
    171.0606918238994,
    173.587106918239,
    183.44062893081764,
    186.30283018867925,
    140.44591194968552,
    173.09477987421383,
    186.12597484276728,
    158.122641509434,
    73.24943396226413,
    188.05176100628933,
    188.74899371069182,
    197.724213836478,
    198.18283018867925,
    154.6249685534591,
    123.77270440251573,
    179.37735849056597,
    165.1398742138365,
    135.55396226415093,
    15.497924528301887,
    118.30698113207549,
    100.912893081761,
    105.61842767295597,
    118.08257861635222,
    123.61427672955976,
    158.61132075471704,
    139.21962264150943,
    139.9393081761006,
    146.6592452830189,
    95.48415094339623,
    144.51842767295597,
    145.9718238993711,
    146.63477987421385,
    146.47144654088055,
    161.7846540880503,
    121.48528301886793,
    153.4418238993711,
    177.09584905660378,
    171.5990566037736,
    174.13056603773583,
    183.66496855345912,
    186.49798742138364,
    173.63754716981134,
    186.37861635220128,
    188.8796855345912,
    189.36119496855343,
    201.00584905660378,
    163.05515723270437,
    187.90144654088047,
    18.06761006289308,
    46.35169811320755,
    98.59496855345911,
    105.58886792452832,
    115.64503144654087,
    120.65226415094342,
    138.07779874213838,
    138.42937106918242,
    139.6396855345912,
    140.34861635220125,
    142.83031446540878,
    144.36125786163524,
    146.87364779874218,
    144.98811320754714,
    143.86993710691826,
    148.70031446540884,
    149.7429559748428,
    155.34918238993714,
    163.8072327044025,
    172.17968553459121,
    174.67641509433963,
    184.8801257861635,
    183.84654088050314,
    186.64754716981133,
    174.1687421383648,
    109.24515723270439,
    186.572641509434,
    189.25194968553456,
    189.9882389937107,
    198.41490566037737,
    201.288679245283,
    125.81006289308178,
    174.59786163522008,
    20.624905660377358,
    99.7681761006289,
    105.46723270440252,
    110.35610062893083,
    120.36540880503146,
    117.30276729559749,
    135.17471698113206,
    143.9957232704403,
    142.9059119496855,
    145.3876100628931,
    146.6927672955975,
    148.91691823899373,
    149.88761006289315,
    172.71974842767293,
    175.22088050314466,
    183.95270440251574,
    186.72138364779875,
    174.73698113207547,
    186.6924528301887,
    164.4652830188679,
    189.94106918238995,
    133.02729559748428,
    190.5907547169811,
    198.6679874213836,
    199.02251572327043,
    192.54553459119495,
    204.08289308176103,
    23.195220125786165,
    71.7045283018868,
    113.40716981132076,
    101.29559748427674,
    120.15333333333335,
    123.23232704402518,
    135.36836477987418,
    140.2527044025157,
    140.87987421383644,
    143.38754716981128,
    144.0551572327044,
    144.4588679245283,
    183.30188679245288,
    149.80459119496857,
    146.94446540880506,
    147.51220125786165,
    149.9455974842768,
    173.22899371069178,
    175.7548427672956,
    184.0024528301887,
    186.7353459119497,
    175.29006289308177,
    134.37534591194967,
    178.51685534591195,
    186.76446540880505,
    190.4474213836478,
    191.1222641509434,
    198.8791823899371,
    183.45125786163516,
    25.77509433962264,
    101.3270440251572,
    102.1369182389937,
    105.04301886792452,
    110.70937106918241,
    116.31911949685535,
    170.64031446540886,
    140.45591194968551,
    141.0601257861635,
    143.56779874213834,
    144.03490566037738,
    144.39044025157233,
    117.18264150943396,
    143.45974842767293,
    147.1393710691824,
    147.66295597484282,
    148.70559748427678,
    149.94484276729565,
    178.50559748427673,
    147.31503144654087,
    189.14716981132077,
    186.2624528301887,
    173.73679245283017,
    176.27723270440248,
    184.01654088050316,
    186.73748427672956,
    175.80886792452827,
    186.7811949685535,
    190.97603773584905,
    191.63440251572325,
    194.17484276729556,
    199.05830188679244,
    201.7844025157233,
    124.20911949685534,
    186.64911949685535,
    28.346163522012578,
    95.60459119496856,
    101.30616352201257,
    104.7385534591195,
    116.47106918238994,
    114.57522012578617,
    135.65088050314466,
    140.62880503144652,
    141.19603773584907,
    141.05301886792455,
    143.95911949685535,
    146.83289308176103,
    146.1388679245283,
    147.23018867924532,
    147.75880503144657,
    148.72949685534599,
    152.66515723270442,
    125.24710691823898,
    159.1392452830189,
    159.4464150943396,
    174.25786163522014,
    176.7472327044025,
    118.20566037735848,
    183.96566037735852,
    186.70245283018875,
    140.47088050314463,
    186.75798742138363,
    179.78364779874215,
    194.65635220125785,
    199.1824528301887,
    199.4500628930818,
    201.92220125786167,
    137.35993710691827,
    176.99408805031442,
    169.58999999999995,
    30.911572327044023,
    155.17918238993713,
    116.63465408805034,
    101.24540880503143,
    101.5174213836478,
    116.46547169811323,
    122.24597484276732,
    119.12289308176102,
    131.56,
    140.71735849056603,
    143.81377358490568,
    144.14446540880505,
    147.3218238993711,
    147.83584905660382,
    149.72006289308183,
    155.68748427672958,
    181.48918238993707,
    155.01327044025157,
    174.70553459119498,
    177.20289308176098,
    183.90635220125785,
    176.82327044025158,
    186.72742138364782,
    191.97037735849057,
    199.25345911949688,
    199.49132075471698,
    190.00823899371068,
    33.460628930817606,
    116.41962264150942,
    165.77748427672958,
    126.11723270440253,
    98.1188679245283,
    122.63786163522015,
    101.11704402515723,
    103.95276729559747,
    136.9621383647799,
    110.92056603773584,
    116.58622641509434,
    140.58100628930816,
    140.76358490566037,
    141.2982389937107,
    143.66000000000003,
    143.97207547169813,
    146.29817610062895,
    147.3408176100629,
    148.5800628930818,
    149.52654088050315,
    126.05465408805031,
    154.14295597484272,
    175.11138364779873,
    177.61150943396223,
    183.79144654088054,
    186.49106918238994,
    164.19044025157234,
    177.25459119496855,
    186.63333333333338,
    192.40207547169808,
    199.27572327044027,
    199.48427672955978,
    193.9013836477987,
    174.96094339622636,
    135.35314465408806,
    35.978553459119496,
    144.4970440251572,
    113.19817610062894,
    98.4077358490566,
    100.93704402515722,
    103.43779874213836,
    126.43232704402517,
    114.02314465408806,
    121.20578616352203,
    178.37037735849063,
    143.4110062893082,
    143.68270440251575,
    139.18955974842768,
    146.31119496855348,
    147.28188679245284,
    149.2910062893082,
    175.45748427672953,
    177.95062893081757,
    183.61874213836478,
    186.28572327044026,
    177.6293081761006,
    165.85597484276727,
    186.4880503144654,
    192.7623899371069,
    199.20987421383649,
    199.41943396226418,
    204.35779874213827,
    169.94339622641505,
    38.5014465408805,
    76.90974842767294,
    100.70591194968553,
    153.60849056603774,
    135.42949685534592,
    190.18150943396228,
    143.10402515723268,
    143.32628930817611,
    146.26911949685535,
    147.13628930817612,
    148.15333333333336,
    148.45484276729564,
    148.97427672955973,
    175.75786163522008,
    178.2022012578616,
    183.35647798742133,
    186.03911949685528,
    177.98037735849056,
    186.27930817610059,
    193.08295597484272,
    162.83176100628924,
    199.29666666666668,
    170.76220125786165,
    177.37654088050311,
    41.031635220125786,
    128.58484276729558,
    100.43509433962264,
    116.31056603773585,
    127.37088050314466,
    140.49371069182388,
    138.34685534591193,
    143.43144654088053,
    142.72301886792457,
    146.1544025157233,
    146.93698113207552,
    147.88345911949688,
    148.16352201257865,
    148.5893710691824,
    148.735786163522,
    176.04433962264147,
    178.47018867924527,
    183.07018867924523,
    185.7337106918239,
    178.2880503144654,
    186.02289308176097,
    193.40232704402513,
    133.91685534591193,
    199.1340251572327,
    201.826855345912,
    150.87955974842768,
    220.0145283018868,
    86.9585534591195,
    178.58044025157233,
    197.59949685534588,
    100.10295597484277,
    116.10553459119497,
    132.92251572327046,
    135.9380503144654,
    134.93251572327046,
    112.06264150943397,
    140.27069182389937,
    140.62622641509432,
    139.53069182389936,
    142.41459119496852,
    145.95396226415096,
    146.6492452830189,
    146.9710062893082,
    147.5525786163522,
    140.53012578616352,
    100.7414465408805,
    168.8895597484277,
    176.2255974842767,
    178.67490566037736,
    182.68679245283016,
    185.33220125786158,
    178.56685534591196,
    185.69062893081758,
    193.6614465408805,
    196.69113207547167,
    198.9137735849057,
    201.65654088050314,
    153.98968553459116,
    202.37647798742137,
    197.38578616352203,
    46.041698113207545,
    123.65446540880504,
    147.46389937106918,
    99.69364779874213,
    110.07276729559747,
    115.82792452830189,
    134.60119496855344,
    139.96050314465407,
    142.51106918238992,
    143.45754716981133,
    141.88962264150945,
    144.4856603773585,
    145.66433962264153,
    146.30930817610067,
    147.3167295597484,
    144.90213836477983,
    138.55666666666667,
    165.06830188679248,
    150.46597484276725,
    159.52069182389943,
    120.05201257861634,
    176.32547169811318,
    178.78616352201254,
    182.24742138364775,
    184.87842767295592,
    178.71314465408807,
    185.24981132075465,
    187.8197484276729,
    193.80654088050312,
    198.6296226415094,
    207.55308176100627,
    143.40452830188678,
    183.99377358490563,
    48.49025157232704,
    99.1882389937107,
    115.49037735849056,
    132.73993710691826,
    135.37396226415098,
    139.5812578616352,
    147.2062893081761,
    141.17704402515722,
    141.26106918238992,
    145.28283018867927,
    146.61201257861637,
    144.3381761006289,
    147.04761006289306,
    176.30477987421386,
    178.76169811320756,
    181.6868553459119,
    184.30924528301887,
    178.7740251572327,
    155.14150943396223,
    184.73094339622634,
    193.85075471698116,
    198.26805031446543,
    200.78899371069184,
    50.936855345911944,
    95.50125786163522,
    98.6709433962264,
    122.29842767295598,
    134.6920754716981,
    140.5983647798742,
    144.8900628930818,
    146.40729559748428,
    176.26842767295597,
    178.7475471698113,
    183.69817610062887,
    178.75138364779872,
    184.13044025157234,
    193.8056603773585,
    197.8269182389937,
    191.79295597484276,
    177.60893081761003,
    53.40622641509433,
    175.01031446540878,
    95.51603773584904,
    198.39006289308176,
    114.74012578616352,
    134.00006289308175,
    141.55666666666667,
    139.9008176100629,
    145.00270440251575,
    145.18918238993712,
    145.6247798742138,
    169.95113207547172,
    178.6678616352201,
    183.0428301886792,
    178.73779874213835,
    183.53628930817604,
    167.14150943396226,
    193.73125786163524,
    197.37849056603773,
    196.73364779874214,
    224.63867924528302,
    55.85207547169811,
    199.58779874213838,
    97.57226415094338,
    132.67245283018866,
    141.4732075471698,
    141.8627672955975,
    144.86396226415093,
    144.93817610062894,
    145.0293081761006,
    134.84050314465406,
    145.05176100628933,
    176.00685534591196,
    178.4994968553459,
    182.33176100628927,
    173.9038364779874,
    178.63201257861635,
    181.60106918238995,
    182.86144654088048,
    193.5574213836478,
    196.83704402515724,
    196.60150943396224,
    58.32786163522012,
    150.41169811320754,
    137.88113207547173,
    143.48389937106919,
    143.9925786163522,
    144.18018867924525,
    144.2159119496855,
    175.1494339622641,
    190.53685534591193,
    175.7792452830189,
    178.28691823899374,
    178.48264150943396,
    207.88352201257862,
    193.38081761006288,
    193.7353459119497,
    196.3106289308176,
    199.31283018867924,
    60.786729559748416,
    152.63723270440252,
    113.37647798742135,
    198.26257861635222,
    137.1132075471698,
    137.264213836478,
    142.9055974842767,
    143.34119496855345,
    143.5065408805031,
    175.48729559748426,
    177.9949685534591,
    187.9561006289308,
    178.23811320754714,
    193.11522012578615,
    193.44056603773583,
    195.67999999999995,
    198.276037735849,
    192.93641509433962,
    307.0942767295598,
    63.22893081761005,
    112.83301886792452,
    151.73647798742138,
    136.4733962264151,
    136.61415094339623,
    142.27635220125785,
    175.14182389937105,
    177.64999999999998,
    177.92949685534592,
    192.78119496855345,
    193.0740251572327,
    194.96710691823898,
    197.59251572327042,
    210.870251572327,
    65.68597484276728,
    81.30144654088049,
    105.52213836477986,
    143.18106918238996,
    135.83949685534589,
    135.9235220125786,
    138.6588679245283,
    141.66723270440252,
    141.85484276729557,
    174.1222641509434,
    174.79886792452828,
    177.2999371069182,
    177.5988679245283,
    192.66522012578616,
    196.85654088050313,
    68.10641509433961,
    148.7049056603774,
    141.15251572327043,
    138.11169811320755,
    135.14327044025157,
    140.9693710691824,
    138.4520754716981,
    196.25528301886794,
    174.37962264150946,
    177.21930817610064,
    192.17427672955972,
    193.49647798742137,
    193.43069182389934,
    196.05792452830184,
    195.08566037735852,
    70.53704402515721,
    144.42037735849055,
    155.95559748427672,
    111.0883647798742,
    140.2735220125786,
    173.89220125786164,
    176.40459119496853,
    176.81025157232705,
    191.45163522012575,
    191.66018867924527,
    192.70805031446537,
    194.6049056603773,
    235.76283018867923,
    72.98754716981131,
    150.62465408805028,
    158.24295597484274,
    117.13849056603775,
    139.56094339622638,
    173.35037735849056,
    175.8776100628931,
    176.34270440251572,
    191.15911949685534,
    193.68635220125782,
    75.44849056603772,
    138.88666666666663,
    186.40477987421383,
    172.78654088050314,
    175.32056603773583,
    175.81132075471697,
    190.6177987421384,
    193.1518238993711,
    192.25830188679242,
    77.90213836477986,
    172.18377358490568,
    174.73433962264153,
    175.2401886792453,
    189.86477987421387,
    192.56440251572326,
    80.37270440251571,
    128.1777358490566,
    120.41169811320755,
    153.24666666666667,
    171.61767295597485,
    174.15811320754722,
    174.6543396226415,
    189.25062893081758,
    189.37716981132075,
    82.8572327044025,
    121.26553459119496,
    171.048427672956,
    173.57993710691824,
    174.10220125786162,
    188.63805031446543,
    188.78918238993708,
    191.86169811320758,
    85.35371069182389,
    170.52289308176097,
    173.04383647798738,
    173.54490566037737,
    188.05886792452827,
    87.87308176100628,
    169.9811320754717,
    172.51044025157233,
    173.04226415094337,
    187.48779874213835,
    199.34471698113208,
    90.40798742138364,
    148.78937106918244,
    176.0727672955975,
    162.90100628930816,
    169.46163522012574,
    172.00805031446538,
    186.90710691823898,
    189.53811320754716,
    211.74327044025162,
    92.91905660377357,
    176.17955974842766,
    168.9259748427673,
    171.49157232704403,
    171.97270440251566,
    186.30207547169806,
    95.47283018867923,
    174.3194968553459,
    168.4203773584905,
    170.99031446540874,
    171.47974842767292,
    185.7138364779874,
    98.03094339622639,
    167.90157232704394,
    170.497610062893,
    170.9784905660377,
    185.1126415094339,
    185.10213836477982,
    199.86566037735838,
    100.60742138364778,
    170.02503144654088,
    170.47805031446535,
    184.5339622641509,
    166.93616352201252,
    169.56742138364774,
    179.92440251572322,
    169.9979245283019,
    183.94389937106916,
    105.82075471698111,
    166.47981132075466,
    169.10704402515717,
    169.55119496855343,
    183.38163522012576,
    108.42672955974841,
    189.12748427672952,
    168.64861635220123,
    169.08578616352196,
    182.8464150943396,
    111.04855345911947,
    113.6901257861635,
    193.79522012578613,
    116.35006289308174,
    119.02899371069181,
    121.71433962264149,
    124.42798742138363,
    180.33025157232703,
    127.15408805031446,
    152.89773584905663,
    129.8938364779874,
    202.42905660377352,
    135.42050314465408,
    138.21283018867922,
    219.37805031446544,
    199.55069182389943,
    202.78371069182396,
    206.0154088050315,
    209.2161006289309,
    212.41490566037743,
    215.60553459119504,
    218.75018867924535,
    221.88503144654095,
    228.07232704402523,
    231.10408805031454,
    237.1428301886793,
    248.82949685534598,
    257.32572327044033,
    260.09440251572335,
    262.82729559748435,
    265.54823899371075,
    268.2850314465409,
    0.0
]